20.5 298.7 289.3
256.3 166.0 318.1
48.2 213.5 143.9
50.6 346.0 110.8
300.7 332.0 15.2
231.8 79.3 143.7
105.5 237.8 183.0
23.4 326.9 45.1
107.7 192.2 221.3
326.4 268.0 318.0
169.5 229.1 106.2
260.1 44.3 240.3
161.1 300.2 177.4
282.7 53.1 346.9
237.0 59.8 128.2
211.1 296.8 130.3
357.2 47.4 291.8
97.4 31.0 259.8
164.9 21.8 248.0
122.8 262.7 108.4
33.4 30.6 167.5
98.8 18.2 225.9
245.6 321.4 117.9
325.5 266.7 83.2
187.3 239.5 179.3
168.8 79.5 228.1
322.0 269.9 126.8
173.2 19.9 325.6
227.3 133.8 169.7
70.4 112.3 324.8
312.3 280.3 207.9
218.3 331.7 285.7
196.9 281.0 232.0
72.4 318.5 1.5
134.9 114.5 194.8
313.5 155.8 211.3
133.6 330.2 124.5
113.7 4.9 220.1
203.1 322.1 297.2
110.8 335.4 162.4
73.4 343.3 64.6
287.5 298.3 295.6
341.6 91.4 87.6
293.4 193.3 348.8
150.5 291.9 256.7
196.6 72.8 251.9
239.6 53.6 254.3
80.5 304.5 31.0
350.9 185.0 61.6
357.2 294.7 137.8
207.8 184.8 133.9
228.6 62.7 247.0
337.9 316.8 180.8
185.6 239.4 305.2
151.2 86.2 299.6
349.4 230.9 85.9
128.0 304.2 206.0
334.6 337.0 39.5
346.3 129.9 45.4
219.6 212.6 294.4
0.3 184.1 78.3
331.2 278.2 54.1
312.6 153.5 112.2
327.5 32.6 338.1
148.0 261.4 183.1
232.2 258.4 9.4
45.2 47.3 145.9
337.3 253.6 243.6
17.2 212.0 317.9
172.0 101.3 275.8
254.9 136.3 5.6
52.0 24.9 99.8
123.2 346.0 97.1
234.8 135.1 111.6
48.9 121.2 301.0
335.8 272.2 231.6
330.7 203.9 358.1
123.2 108.2 249.4
135.8 137.4 319.5
58.4 13.4 28.5
49.4 77.7 28.0
54.8 182.9 78.3
219.9 37.9 207.1
5.9 248.7 115.8
235.5 232.7 170.1
243.7 327.7 235.4
321.1 206.3 32.3
34.6 178.0 78.3
117.5 126.6 121.4
176.8 127.9 252.0
35.9 137.1 236.3
322.5 45.5 84.6
41.1 25.7 165.1
292.8 56.8 186.1
143.1 211.4 255.4
231.3 177.3 16.7
270.8 181.5 150.2
8.2 266.4 47.7
39.0 201.3 72.0
321.7 4.4 201.0
255.5 240.9 324.4
341.0 135.7 247.8
203.6 21.2 66.8
304.2 273.6 108.7
53.2 257.6 31.4
128.3 158.4 277.4
157.2 130.2 122.3
149.1 20.5 6.6
95.6 7.1 53.9
262.5 347.2 196.2
304.0 301.9 176.9
75.6 260.8 168.8
53.6 27.4 183.6
62.8 271.7 302.8
218.9 250.4 74.7
90.9 251.7 16.3
88.8 337.0 118.4
121.7 322.7 64.0
61.1 189.4 170.1
349.3 224.5 48.4
66.1 24.7 73.9
116.5 199.6 200.9
180.6 16.5 286.3
254.8 289.0 215.6
85.7 131.3 351.1
253.5 139.7 188.6
21.0 7.5 201.6
275.4 19.3 75.7
162.5 57.0 221.4
278.2 30.1 297.8
308.4 212.3 338.2
122.0 140.6 258.8
257.4 113.9 144.0
169.8 71.3 133.6
17.5 83.3 135.5
192.3 239.9 40.4
346.5 212.0 305.9
84.9 83.8 354.3
29.2 255.0 28.5
236.4 207.3 317.1
265.9 17.0 143.1
21.4 46.2 252.6
71.9 310.2 184.1
26.5 110.8 8.7
112.4 316.1 306.9
300.9 329.4 203.2
284.6 323.5 291.8
39.4 153.6 200.4
105.5 145.0 120.6
283.2 112.0 157.6
302.5 115.7 352.3
147.8 247.6 100.2
201.4 223.5 214.9
29.1 207.9 313.4
255.8 93.5 217.4
130.0 276.4 31.6
187.5 9.0 91.4
174.2 308.2 297.4
341.2 100.8 202.7
356.0 253.6 218.6
81.0 330.8 13.8
246.0 259.4 341.8
359.8 270.7 126.9
38.8 343.0 359.3
46.7 4.9 167.0
111.5 149.5 171.6
161.7 68.2 157.5
204.2 277.6 218.8
18.5 24.4 126.0
123.2 230.3 196.5
252.6 99.4 255.8
186.0 121.4 92.7
259.5 216.6 52.4
228.4 49.6 157.9
133.0 97.1 24.4
265.7 345.9 66.1
271.3 7.4 184.6
198.3 137.5 225.4
322.6 120.1 149.5
287.7 234.2 259.5
266.2 174.1 275.1
300.9 147.0 236.0
33.6 338.0 188.8
31.1 164.9 355.4
200.2 235.4 211.3
277.7 67.5 77.3
69.3 206.0 3.2
163.8 217.8 13.3
62.6 214.5 206.4
246.1 223.9 252.3
30.1 189.1 326.0
68.9 251.7 3.4
298.1 336.8 345.6
340.4 146.0 180.5
192.5 329.0 201.7
124.4 350.0 260.1
3.0 147.4 73.6
237.3 33.8 303.1
63.7 101.3 219.4
351.5 254.8 144.9
229.8 283.0 203.3
101.5 28.5 181.8
279.6 71.4 50.0
345.7 343.8 306.7
285.9 52.2 93.0
28.0 5.6 82.1
32.2 91.4 256.6
103.1 161.1 155.9
184.6 248.7 167.9
204.0 24.3 357.2
91.9 125.8 329.5
18.6 357.6 326.5
192.1 277.9 346.6
85.4 50.1 117.0
353.3 158.2 249.1
21.3 209.7 34.0
37.2 358.0 127.2
329.5 252.1 309.8
187.8 1.8 307.4
76.6 67.0 277.4
129.3 66.8 118.8
7.1 225.6 239.5
317.3 315.1 62.0
6.1 288.2 143.6
323.6 95.9 111.4
311.5 207.6 286.1
212.1 110.1 8.6
345.2 94.7 224.6
91.3 215.2 294.2
154.7 75.6 175.8
151.4 316.6 112.5
173.2 300.7 250.0
165.9 66.9 294.5
27.3 67.8 252.4
156.2 55.9 208.5
168.9 184.3 232.1
105.6 324.5 112.8
155.4 180.2 353.7
259.2 200.8 294.9
238.5 197.3 190.8
7.6 15.0 82.1
204.3 214.7 80.6
40.1 259.3 166.7
115.9 95.3 310.2
212.3 209.9 99.5
69.3 334.2 193.2
129.1 342.6 156.8
230.1 302.5 216.5
210.4 67.0 333.2
174.9 143.8 184.6
85.1 37.3 57.6