351.3 253.0 38.2
36.1 272.5 150.8
116.6 196.3 191.6
222.5 43.0 39.1
126.8 53.4 76.1
13.8 136.9 20.1
81.8 134.7 285.9
164.6 103.3 101.2
29.5 335.1 141.4
297.1 51.5 98.2
358.9 330.8 298.9
28.3 350.5 136.9
183.1 125.1 177.9
44.4 290.6 204.1
161.4 8.6 342.2
37.7 351.4 279.0
320.0 21.8 43.2
116.3 119.4 156.4
86.1 63.3 296.7
309.0 251.3 340.7
40.2 194.7 319.7
358.7 130.1 55.0
64.6 208.7 289.5
158.2 63.7 247.0
67.4 142.4 91.0
28.3 37.7 42.8
274.6 82.2 341.8
139.3 186.9 300.2
176.6 251.3 273.1
347.2 32.4 308.9
69.5 35.2 160.1
47.0 121.6 63.2
246.9 310.6 208.3
163.2 111.2 51.8
291.4 95.3 2.2
92.4 198.3 252.9
66.3 47.0 184.3
237.2 12.4 324.9
167.5 70.7 78.5
235.9 37.0 7.1
279.8 4.8 147.0
10.0 30.8 31.4
292.4 338.4 280.1
80.2 170.2 207.6
164.5 226.2 8.3
27.7 323.1 198.2
280.1 217.3 282.2
236.7 32.5 212.8
27.5 153.0 107.9
168.3 277.5 320.7
240.4 298.2 180.9
115.1 61.3 23.7
181.6 117.3 334.6
152.1 116.6 128.1
3.1 281.7 116.0
113.1 354.8 136.3
293.0 159.9 4.9
26.4 54.1 143.8
171.5 86.4 245.5
49.4 1.9 110.4
81.3 268.8 287.7
53.2 15.8 143.8
119.3 50.8 298.8
32.1 243.9 162.9
151.5 330.3 209.3
7.3 322.6 43.4
290.8 198.6 6.1
147.9 122.5 124.1
50.1 63.1 49.6
287.8 159.8 232.3
286.8 175.1 235.2
308.0 331.6 235.3
1.9 176.2 316.7
37.4 274.4 355.3
27.2 256.9 225.8
149.3 267.3 51.6
99.7 329.4 186.5
336.3 194.8 103.7
298.4 180.6 76.4
248.4 35.9 34.7
306.5 66.3 168.6
208.4 161.2 47.8
173.0 206.1 73.0
70.7 333.7 304.8
278.7 42.4 279.1
185.8 308.5 331.4
39.2 43.2 97.5
241.6 36.4 318.2
226.9 128.4 235.1
157.1 348.4 228.6
74.1 38.5 107.0
167.8 357.9 114.9
115.5 261.0 74.8
290.3 99.5 187.9
27.1 261.2 35.1
278.1 37.4 245.6
224.9 245.7 280.7
61.8 324.3 300.0
38.7 210.6 232.2
337.0 300.4 129.8
253.8 223.2 24.6
300.7 245.7 241.9
317.6 51.3 163.5
149.5 70.1 15.5
7.5 236.7 238.9
282.1 356.9 78.8
17.6 16.2 48.9
44.7 271.4 121.4
117.4 139.7 116.5
32.1 340.4 1.6
41.3 131.7 188.9
157.4 76.2 20.7
42.8 32.9 281.8
143.6 111.7 355.2
103.7 127.5 339.2
17.6 140.9 98.9
288.0 25.5 246.7
21.8 261.5 267.8
307.0 346.1 242.7
51.5 4.9 35.0
88.1 119.8 164.6
192.6 168.0 56.5
326.5 153.5 82.9
325.0 305.9 267.5
218.5 15.0 108.1
282.5 192.3 83.1
296.4 355.4 105.3
265.2 194.8 11.7
53.8 146.0 232.9
219.9 100.1 256.6
80.6 351.9 336.8
231.1 244.3 37.5
64.2 200.6 70.8
159.1 198.0 216.4
128.8 71.8 341.7
280.2 192.6 153.9
280.9 334.2 97.9
313.0 284.2 162.5
146.9 162.5 75.2
189.5 319.5 329.2
298.8 256.1 236.5
188.8 320.1 100.6
254.5 63.5 224.1
137.6 220.6 282.3
185.6 204.7 25.8
145.4 224.0 81.1
47.4 175.9 135.3
335.5 200.9 164.0
206.2 140.5 32.4
340.4 87.3 236.4
337.7 298.8 338.1
234.9 218.9 343.4
82.4 328.6 349.5
174.6 114.3 336.6
30.6 182.8 202.9
104.8 313.2 187.5
16.3 155.2 260.4
301.6 62.7 86.1
54.9 213.4 30.2
131.1 214.7 125.0
342.1 344.0 257.8
301.6 217.8 20.1
170.0 229.2 206.1
268.4 150.3 254.9
221.4 181.0 194.6
216.8 295.3 258.3
44.3 121.1 138.4
40.8 329.1 198.2
127.8 347.9 70.0
348.5 145.5 215.3
98.8 133.3 26.3
22.3 227.8 200.7
34.4 94.0 113.3
25.7 90.7 270.2
236.7 300.6 183.6
40.0 250.0 149.4
319.9 95.5 116.7
9.4 297.2 94.7
25.2 337.5 293.9
191.0 320.4 337.2
187.8 32.3 138.2
144.8 149.9 308.6
14.2 105.6 266.6
161.7 3.5 214.2
0.4 153.1 267.0
28.9 175.8 41.1
192.4 156.7 85.3
348.9 171.2 36.3
3.3 74.4 334.4
201.8 103.3 216.1
284.3 54.6 317.7
19.0 220.5 327.0
260.3 225.5 244.5
1.3 47.4 133.3
159.9 119.4 223.4
202.8 23.0 307.2
327.1 41.2 357.4
340.4 245.1 99.3
262.2 9.5 44.3
224.8 188.8 265.8
239.0 114.2 159.8
177.5 262.4 338.2
12.1 342.4 322.2
39.7 229.7 70.6
84.3 100.0 104.1
316.7 39.9 197.8
321.9 98.7 150.7
257.1 112.8 11.6
167.7 353.1 278.6
6.9 56.6 9.9
334.2 14.8 25.7
102.3 337.7 287.8
259.2 197.1 1.8
115.6 21.0 343.6
110.0 90.0 326.7
205.9 300.9 85.4
281.4 241.0 14.9
267.4 327.1 216.3
218.8 166.2 160.8
292.9 177.7 186.7
294.2 68.4 110.8
98.1 51.0 297.8
290.4 323.2 122.6
254.4 183.4 281.4
353.5 18.6 300.4
238.6 122.1 232.9
144.3 167.9 299.7
339.9 51.7 20.8
179.0 166.9 37.4
331.0 310.8 58.6
129.0 300.4 215.4
14.3 288.1 157.9
7.6 8.5 297.2
157.3 213.1 18.0
156.4 333.6 122.0
100.2 218.5 260.4
318.2 161.5 286.1
213.9 325.7 352.9
31.6 211.5 20.0
86.6 210.9 40.5
78.0 161.9 30.2
169.3 187.5 181.6
253.4 75.0 214.6
360.0 66.3 7.4
169.3 131.5 107.2
55.1 114.1 46.1
73.7 39.8 294.3
85.3 129.4 91.2
39.3 122.6 20.8
356.4 274.7 72.2
188.8 84.2 266.2
231.9 14.5 224.1
8.5 294.1 174.3
129.5 159.5 0.7
192.9 50.5 262.7
10.3 327.4 87.9
28.5 264.9 137.4
330.6 179.3 20.1
25.3 202.2 8.3
337.0 256.6 354.5
72.7 127.8 144.3
105.5 348.2 153.3
329.3 128.1 187.0
279.2 35.5 257.3
0.1 263.1 153.8
147.7 154.5 7.7
172.4 24.6 204.3
288.1 194.8 218.0
158.0 147.9 74.0
265.5 58.6 336.4
357.9 243.3 174.3
253.0 258.8 290.1
325.9 176.2 45.8
343.2 39.5 166.3
48.7 22.8 167.3
162.8 218.3 217.1
275.9 9.8 238.1
320.3 57.2 323.6
78.5 134.0 284.6
235.1 29.8 344.1
153.5 248.6 21.1
332.7 329.3 290.2
76.5 126.7 105.8
178.3 181.0 339.7
345.4 330.4 97.4
206.9 326.7 133.6
255.9 354.7 250.6
40.6 17.1 285.6
239.5 250.7 22.8
166.2 264.1 205.2
129.4 339.0 3.8
70.3 304.3 97.8
248.4 72.0 266.6
177.1 169.7 58.9
250.3 108.9 299.7
99.1 194.4 71.3
41.6 280.7 300.0
163.5 299.5 176.4
213.0 259.9 66.1
198.6 299.9 319.7
101.1 246.5 144.8
288.4 108.3 196.0
275.9 330.1 47.5
47.6 135.3 197.9
120.4 5.0 311.7
119.2 103.2 305.0
334.8 198.0 235.7
170.3 167.9 351.4
49.5 309.3 174.6
226.1 105.0 5.2
317.2 32.2 356.9
273.7 79.9 212.9
83.4 333.6 11.2
86.3 343.8 49.1
66.7 272.9 322.5
89.4 41.6 255.9
10.8 242.6 281.1
285.2 235.8 336.1
118.0 296.8 322.9
301.3 348.0 85.5
33.7 259.2 236.4
2.7 33.5 4.5
170.7 47.0 224.1
227.3 34.3 135.9
25.6 337.2 71.9
95.8 338.9 101.0
61.7 83.4 336.6
9.1 183.7 358.3
294.6 283.5 202.2
42.7 171.6 346.5
208.7 333.8 220.3
63.5 253.7 33.6
185.3 190.6 10.1
195.0 354.1 207.1
267.1 127.0 154.2
66.4 27.7 184.6
101.4 146.7 297.7
251.2 77.7 130.2
54.5 177.5 54.4
10.2 295.8 59.3
132.3 284.2 131.5
77.9 9.5 341.2
241.4 265.0 119.5
142.8 215.7 14.2
107.0 306.3 104.4
90.4 138.6 189.5
343.8 165.4 37.8
46.0 229.1 183.5
95.1 90.5 74.5
260.1 329.9 184.1
263.1 34.5 5.2
200.6 179.8 133.4
94.3 263.1 291.1
224.0 42.5 11.7
342.1 163.1 96.9
284.7 155.4 341.8
42.7 182.3 359.5
68.5 332.9 217.1
130.3 151.4 231.8
268.5 115.7 20.0
112.0 78.2 80.0
112.9 335.1 340.2
314.5 222.5 152.9
297.7 178.1 185.7
255.4 81.7 57.0
355.1 199.5 19.8
71.9 322.4 205.3
287.1 48.4 134.1
225.4 274.9 243.6
348.6 269.7 255.3
96.5 41.4 131.2
282.3 92.2 83.0
215.1 147.5 40.3
173.8 209.9 182.7
87.3 348.2 316.4
140.2 161.5 258.9
163.1 84.7 202.2
157.8 152.9 96.3
172.5 29.7 40.0
201.9 223.2 30.9
223.1 219.0 270.9
29.7 201.4 292.6
150.8 292.8 233.5
216.9 192.1 261.4
143.7 279.1 260.7
161.3 151.2 181.5
33.3 124.0 210.5
173.1 52.4 75.5
224.6 135.0 345.7
177.4 14.1 310.1
110.5 138.3 150.6
92.9 192.3 177.1
244.0 156.9 323.3
153.8 302.2 133.3
200.0 145.9 38.4
6.9 105.7 147.5
50.5 104.5 315.3
231.7 10.0 231.3
213.4 19.7 330.5
143.6 225.0 332.6
60.0 175.4 141.3
220.4 23.9 8.4
130.3 4.7 132.0
237.9 121.9 172.5
109.1 301.5 13.1
195.8 121.2 23.2
185.6 277.0 96.0
25.9 226.5 73.2
157.3 157.1 14.2
5.4 342.0 359.7
51.9 273.3 282.5
324.4 284.1 285.7
195.0 352.4 82.3
260.0 333.9 353.7
27.4 131.3 212.2
25.6 22.4 329.6
104.7 41.7 71.0
115.6 273.5 306.9
118.2 311.7 227.2
46.1 82.5 310.6
135.2 219.5 1.7
260.1 271.1 12.1
49.4 193.9 120.8
189.5 157.9 130.4
298.5 273.9 90.4
77.2 356.7 297.8
241.8 158.8 274.5
35.3 152.8 206.4
13.6 35.4 93.4
151.9 55.9 84.5
270.5 246.1 186.7
58.9 322.4 7.2
227.7 273.4 191.6
10.9 205.1 348.2
358.8 32.2 159.5
314.8 107.9 338.1
235.0 316.2 9.8
251.5 181.7 319.6
36.4 183.8 220.4
261.8 269.8 14.0
112.6 269.5 328.2
4.6 22.1 234.1
281.8 303.9 149.7
184.7 0.9 67.9
98.4 192.2 290.8
75.6 179.6 49.8
117.1 28.9 348.6
153.4 187.8 17.1
161.5 339.0 177.4
282.3 47.5 290.3
347.9 334.4 62.2
136.2 262.2 7.1
97.5 1.4 64.6
267.0 127.5 198.8
87.3 183.4 115.6
135.8 71.1 145.8
276.1 357.8 305.3
344.0 273.6 32.9
119.3 311.8 95.2
294.8 99.0 296.7
122.1 163.9 101.4
271.7 17.8 112.1
201.8 88.1 93.1
296.9 37.1 124.2
138.0 131.5 36.4
28.4 191.2 4.2
88.6 338.8 165.6
348.4 156.2 220.1
268.3 356.6 326.8
144.1 279.4 35.4
210.3 137.3 156.3
164.3 253.0 98.9
343.1 358.0 310.4
139.6 280.0 156.0
81.8 347.9 232.6
260.3 115.7 95.4
152.0 257.8 159.0
134.4 309.3 144.2
252.6 25.3 283.4
141.3 328.3 262.3
258.5 68.4 206.6
357.5 126.3 26.7
312.9 260.4 185.1
156.3 204.7 231.8
19.1 271.4 260.4
199.8 220.9 314.8
13.0 209.6 47.6
141.7 52.7 84.1
238.0 339.8 75.7
138.3 155.1 163.8
31.9 121.7 123.9
194.4 350.3 314.4
159.3 208.0 42.3
156.2 317.2 186.5
218.9 34.0 53.0
191.7 105.8 187.0
109.0 139.2 185.8
84.8 358.3 139.3
137.9 74.4 198.2
118.5 260.3 354.3
81.1 197.4 210.3
293.4 137.2 263.6
53.9 263.8 27.7
350.8 39.8 70.9
32.2 307.5 16.2
232.2 130.8 139.2
323.2 327.7 33.5
47.6 242.6 301.4
101.6 270.5 156.1
107.4 177.3 325.3
127.1 300.2 118.1
236.1 73.4 53.0
299.3 353.9 64.5
7.1 231.7 161.5
192.3 308.4 145.9
226.4 126.5 6.1
64.9 66.9 240.1
168.7 230.1 330.1
294.8 288.2 214.7
174.4 273.0 175.4
89.3 157.4 31.0
318.0 323.8 129.5
40.3 51.4 44.0
191.0 148.7 32.8
168.4 2.2 130.0
233.4 49.6 355.7
110.6 103.5 81.0
95.4 184.5 13.2
137.9 92.0 61.0
327.7 156.4 76.6
262.3 132.7 221.3
251.6 65.8 116.0
279.9 326.6 170.0
164.7 37.7 150.7
20.3 290.2 49.9
298.4 64.2 277.3
154.5 156.1 10.2
174.0 280.6 349.2
333.3 299.3 58.7
284.4 221.7 203.9
145.5 301.3 243.8
102.1 319.3 108.6
345.2 48.3 338.5
309.9 190.9 266.3
143.1 63.5 88.2
17.1 267.9 300.4
30.7 251.0 185.1
267.2 225.2 259.6
116.0 12.5 168.4
29.6 150.9 307.0
86.4 74.4 217.1
227.1 275.2 158.0
14.4 114.6 160.8
163.4 91.2 297.7
229.3 139.1 209.3
320.4 46.5 240.3
186.9 339.1 235.6
263.1 343.0 324.7
357.0 145.0 218.0
104.7 162.2 191.6
179.6 242.8 31.2
144.8 237.0 108.5
58.2 184.9 49.3
59.7 155.6 80.1
0.6 277.6 257.3
148.8 265.6 61.8
165.4 130.0 144.1
197.1 165.6 103.4
121.1 205.3 77.7
345.2 276.8 75.2
112.4 108.4 200.9
265.3 248.6 47.4
333.3 180.9 18.0
91.7 165.1 93.4
134.8 232.2 254.6
147.8 238.6 337.2
301.8 187.5 64.2
346.4 357.8 253.6
242.7 153.1 347.3
198.0 46.8 232.1
354.5 277.9 64.9
220.5 201.7 277.5
307.7 261.7 125.6
110.7 337.2 201.6
307.8 337.1 252.5
341.5 263.3 69.7
73.8 277.7 173.2
209.5 185.2 241.0
163.0 184.3 81.5
40.2 359.6 282.7
173.3 318.4 51.4
65.0 46.0 318.7
315.2 322.2 67.3
0.4 172.4 49.8
283.2 198.3 295.3
53.9 354.7 338.6
58.8 128.5 245.2
230.2 170.3 285.9
28.8 249.9 274.8
75.4 12.1 260.5
209.9 135.5 85.0
241.0 23.8 320.9
223.8 247.2 350.3
145.6 318.7 16.0
55.2 234.5 169.4
47.7 284.4 155.0
179.0 312.7 176.9
204.1 98.9 177.6
274.2 338.1 170.9
301.4 339.4 172.6
285.3 105.0 158.9
42.1 183.1 181.7
275.7 174.8 238.1
17.6 257.4 252.2
101.2 73.1 121.8
29.1 11.4 195.1
58.2 223.4 230.8
29.1 202.7 231.7
67.5 162.7 76.8
28.8 320.6 175.9
232.9 164.3 302.9
352.6 160.9 16.4
224.8 146.8 82.1
313.4 39.2 234.3
268.9 311.5 228.7
262.7 225.3 194.0
95.2 138.5 193.2
314.5 275.5 355.2
117.5 311.2 90.8
306.1 266.9 142.7
80.3 200.0 247.3
339.6 211.0 108.7
238.8 188.2 290.8
164.4 85.7 113.3
255.9 129.6 174.4
137.4 246.9 219.5
322.5 278.3 41.3
237.7 247.1 154.0
307.5 294.8 309.6
126.7 175.5 324.6
100.2 149.2 66.5
293.1 345.0 120.3
358.1 209.8 129.2
116.1 0.1 140.6
265.4 291.9 112.0
230.9 72.0 179.4
163.3 23.7 228.8
316.9 141.2 99.4
266.2 232.4 215.3
250.9 66.5 15.8
33.8 170.8 35.5
46.6 332.2 68.1
100.1 268.2 236.4
53.4 177.5 88.9
110.7 273.7 78.6
99.6 272.4 117.0
253.8 265.1 287.4
85.0 151.4 172.3
108.7 196.9 33.7
296.8 123.3 176.1
131.0 267.3 141.4
173.4 355.7 189.6
231.1 164.5 227.6
306.3 327.2 274.2
63.5 272.9 207.5
46.5 235.3 29.5
357.3 87.1 47.1
16.2 82.7 190.5
19.9 300.4 104.8
67.5 197.1 99.9
149.4 352.0 139.1
269.7 73.3 137.5
273.9 356.9 262.4
315.4 120.8 334.9
190.3 285.7 216.8
46.9 215.2 297.1
165.0 148.2 305.4
79.2 110.9 35.1
170.8 55.5 314.5
161.9 256.1 104.0
56.8 65.6 120.3
296.6 121.1 208.6
60.2 107.0 224.8
42.7 318.1 87.8
215.5 222.0 177.4
227.9 342.8 224.1
159.3 268.1 356.3
345.2 7.0 339.4
86.8 84.4 105.5
117.6 251.9 216.8
288.3 282.7 114.2
252.0 141.5 299.6
124.4 93.5 181.8
86.8 321.1 149.3
270.4 315.5 2.7
308.2 109.2 300.6
278.4 60.8 152.2
253.8 29.7 162.7
264.6 63.0 66.1
197.9 19.6 234.6
349.3 124.8 172.0
327.5 200.4 311.3
45.1 7.1 300.5
254.5 260.6 346.0
195.1 141.5 201.6
6.2 148.1 206.7
136.3 182.2 118.0
32.7 66.0 305.6
41.9 183.9 223.6
305.0 291.2 224.2
202.4 65.0 185.1
169.3 163.8 48.8
204.5 266.4 53.1
353.1 193.3 248.4
274.1 322.0 45.5
203.9 95.1 61.2
259.8 196.8 4.4
155.0 149.9 117.2
152.6 216.3 44.0
121.4 90.8 182.5
352.3 142.0 229.0
232.1 178.2 326.3
60.5 39.1 342.6
125.4 317.9 20.6
290.7 314.4 25.5
265.5 189.6 299.3
247.4 308.7 43.7
353.0 143.1 155.7
62.5 243.8 268.6
242.0 151.4 265.4
322.9 227.1 220.0
247.0 340.4 131.5
4.5 37.9 7.3
24.3 66.7 312.0
238.4 289.8 258.7
158.8 53.9 46.1
19.9 269.9 61.8
110.3 66.5 107.9
78.7 171.6 120.7
211.2 48.2 222.7
107.0 351.0 343.3
108.7 51.7 311.8
215.9 121.6 311.0
310.1 160.4 89.8
113.8 214.0 253.3
95.8 157.9 290.3
2.8 338.5 146.8
79.9 84.0 200.6
145.8 229.9 110.9
3.1 173.1 331.0
201.3 160.7 76.6
344.7 207.5 269.6
34.8 57.2 356.1
357.7 347.9 35.3
102.9 284.0 315.1
68.2 169.7 193.7
143.7 323.9 28.3
249.7 346.0 20.8
257.9 180.6 228.7
195.7 313.4 11.9
268.1 98.9 78.9
277.9 17.2 91.6
358.5 89.6 83.4
35.3 137.7 49.0
338.0 39.3 354.9
215.9 185.3 242.2
329.8 52.0 267.3
194.4 25.7 207.2
330.5 338.0 344.2
123.8 337.7 136.5
278.5 154.1 181.4
112.8 324.0 11.2
318.1 160.9 9.6
321.9 291.4 225.6
279.8 199.1 123.7
272.7 37.7 270.0
312.5 253.9 32.1
255.0 201.4 140.0
94.5 207.6 289.2
100.0 159.4 356.0
123.8 339.7 145.3
0.5 192.9 218.0
350.1 85.7 294.2
111.4 97.8 259.9
160.2 121.8 181.0
289.9 32.3 47.1
231.1 295.5 47.7
227.4 230.4 152.8
146.9 355.2 263.8
86.1 289.1 169.4
176.6 308.0 8.3
284.6 212.4 281.6
54.3 179.1 184.8
286.9 112.4 117.0
184.4 254.1 21.8
131.9 29.1 248.7
178.4 55.5 245.9
272.7 314.4 286.2
248.5 299.5 223.5
132.7 14.8 187.0
163.5 15.6 147.4
221.8 131.1 272.7
33.5 18.6 286.1
179.6 20.8 310.5
210.3 10.8 286.0
41.1 156.5 149.5
300.6 318.3 183.6
237.5 309.0 254.1
199.3 223.6 211.9
140.6 322.0 275.6
303.7 94.4 65.6
70.7 246.1 130.4
167.4 72.6 58.5
220.6 225.4 247.8
172.7 271.1 187.9
249.6 253.3 261.7
306.7 157.3 273.0
90.6 214.9 149.1
43.3 122.0 101.8
349.6 15.0 127.5
239.9 318.6 342.5
284.4 66.1 85.7
233.9 250.0 192.1
159.5 236.4 287.3
203.9 229.9 180.6
328.9 231.8 297.3
119.4 151.3 124.9
163.0 47.8 123.9
280.0 216.5 121.1
61.3 104.9 95.4
45.7 161.0 279.1
99.2 119.3 37.8
57.4 150.3 66.0
86.6 251.0 328.9
84.3 256.9 115.6
130.8 119.9 334.3
212.0 8.4 156.9
220.2 17.5 7.0
145.1 202.6 120.2
95.1 71.7 128.6
225.2 314.7 245.6
303.2 327.1 97.8
197.4 73.1 141.9
233.7 318.7 35.0
260.8 185.2 38.6
81.4 314.7 281.0
337.5 31.6 231.2
230.2 103.8 25.0
43.7 301.7 289.8
180.7 241.6 72.5
342.3 176.6 203.9
101.8 207.3 337.0
119.9 7.8 52.9
1.4 245.9 228.0
98.9 251.3 56.3
244.7 310.8 65.5
344.2 71.1 154.5
0.3 287.3 285.7
258.3 210.6 288.8
3.5 88.2 349.1
303.2 296.5 153.4
314.7 97.6 187.2
127.5 154.3 148.1
35.4 171.9 140.7
218.6 313.4 175.0
219.1 124.5 233.1
307.6 133.3 354.2
113.0 35.3 275.1
308.1 74.7 302.8
3.1 14.0 156.7
338.0 64.7 83.2
167.2 328.3 285.4
49.1 130.0 276.7
72.8 145.6 68.3
165.7 312.0 236.2
25.3 348.2 268.3
327.8 157.7 234.0
259.3 350.2 88.6
203.1 63.7 18.6
135.9 356.2 53.7
80.1 308.7 107.4
224.6 322.6 233.9
115.4 95.7 138.5
287.1 245.7 180.5
20.9 134.3 286.0
116.1 251.2 164.0
246.4 187.9 33.5
13.6 21.1 86.3
332.1 24.9 201.5
183.6 261.4 207.0
115.9 12.7 187.1
18.8 207.2 41.9
26.8 296.6 66.0
285.6 134.8 99.9
308.0 328.8 170.9
169.7 38.3 150.4
107.0 165.7 119.0
151.4 191.9 105.3
77.3 67.9 62.7
136.8 303.1 116.3
189.3 65.5 228.1
15.3 108.6 236.9
274.0 186.2 124.6
11.6 344.1 210.9
47.0 77.4 38.6
233.7 277.8 356.7
193.8 27.4 137.0
116.0 12.8 176.1
341.7 2.1 83.7
358.2 87.3 136.4
264.2 300.5 230.6
308.5 306.9 137.0
61.7 56.4 84.0
226.4 344.9 22.0
52.3 283.2 215.7
97.3 129.9 225.5
8.2 50.5 101.5
213.6 270.0 25.0
29.8 94.9 82.9
268.1 333.2 146.0
222.3 349.6 285.5
123.6 207.8 12.0
263.3 161.0 31.3
177.4 239.6 277.1
291.1 192.7 269.4
64.7 45.2 323.0
22.8 306.5 354.7
156.3 198.2 309.0
339.8 145.3 46.4
222.5 157.4 307.4
33.7 135.3 14.8
139.4 40.1 70.5
347.5 90.4 81.7
195.2 30.9 303.0
246.0 188.5 213.1
170.0 183.8 319.1
235.0 238.4 175.6
217.4 41.3 135.4
177.3 67.6 340.1
351.1 153.6 13.7
77.7 62.9 315.2
72.1 272.0 297.1
267.2 292.0 324.5
294.1 26.4 161.1
37.0 7.2 279.9
59.1 217.1 285.5
179.4 198.1 52.1
299.7 148.0 331.6
129.9 260.7 197.4
98.9 85.0 199.6
198.8 296.0 42.9
350.3 240.4 135.8
80.9 219.1 272.2
90.8 117.5 108.5
16.6 132.4 139.8
14.8 350.0 92.3
253.0 104.4 176.2
184.3 263.2 263.6
242.6 317.9 90.3
302.4 268.9 269.5
254.5 214.7 49.2
254.5 121.8 206.2
39.7 257.4 298.0
132.4 153.8 305.5
338.1 130.8 150.1
265.5 8.6 113.7
267.9 335.9 339.0
199.0 244.6 169.2
26.9 133.4 42.0
71.5 273.2 222.8
160.0 306.3 324.6
252.6 36.4 150.9
125.2 71.4 230.3
63.2 9.4 265.7
16.8 133.6 51.8
147.5 36.6 139.5
12.3 358.6 251.4
124.4 125.0 126.1
73.5 47.0 166.3
301.4 143.0 213.3
164.9 180.2 1.7
259.9 43.2 169.1
322.5 235.5 344.2
187.7 38.2 344.0
180.9 28.3 311.8
92.2 192.4 211.2
358.7 208.3 215.3
347.4 178.4 286.0
132.1 349.1 352.5
124.9 42.0 348.7
66.3 177.3 165.4
23.6 331.1 288.9
311.2 89.6 87.4
352.4 96.7 150.0
345.0 110.4 278.0
255.8 241.3 137.3
148.5 216.0 3.4
142.8 308.6 349.3
192.8 11.2 171.3
4.7 127.7 88.1
131.1 2.3 46.6