234.1 287.2 268.0
244.7 308.0 280.3
77.9 79.1 31.5
169.1 106.9 359.5
215.5 254.3 207.0
114.3 146.5 266.6
244.4 59.1 294.8
269.4 93.9 209.8
181.9 76.7 54.9
289.4 95.1 95.1
114.7 108.1 346.5
132.0 166.2 194.0
2.9 330.2 19.7
225.4 316.4 226.8
58.9 11.8 238.3
323.7 303.6 31.6
163.8 65.7 275.3
82.3 240.8 161.7
138.3 12.9 149.4
272.8 245.7 259.8
342.3 150.0 271.1
334.6 244.2 42.2
86.7 300.1 17.7
8.8 174.5 212.7
141.2 193.4 269.0
38.5 249.4 64.5
345.3 309.0 198.5
216.1 70.8 222.1
149.7 229.7 205.4
140.0 342.5 296.4
108.4 256.1 160.9
37.7 185.1 255.4
54.4 60.7 126.1
189.1 215.0 305.4
192.6 1.8 161.2
101.7 317.3 326.9
102.9 272.0 235.8
195.6 221.0 138.4
89.7 65.9 56.7
297.4 258.6 30.8
103.1 32.8 351.5
187.6 350.0 356.9
208.5 36.9 162.1
36.6 66.4 200.1
206.8 286.3 318.9
49.1 150.8 212.9
185.6 102.3 283.9
329.2 260.6 64.1
28.0 131.7 245.2
78.9 9.8 259.1
82.0 26.1 71.9