12 11
85 228 544 853 164 817 215 594 857 730 1
38 501 867 335 298 190 299 870 987 726 548
641 472 849 42 493 618 898 131 397 255 429
798 963 630 505 775 908 92 347 157 979 321
444 209 492 373 451 670 655 851 958 541 61
882 399 850 443 766 579 673 540 854 792 684
363 891 692 566 452 471 9 949 25 470 135
555 547 912 409 577 804 544 955 17 526 416
220 489 960 507 724 978 941 958 377 115 475
799 658 585 937 347 4 835 870 110 628 562
420 143 162 36 81 256 806 462 330 716 437
732 710 891 705 624 888 677 971 69 888 904
