50 40
137 229 411 468 871 996 103 209 768 543 392 978 258 509 124 880 743 107 491 996 999 483 966 186 470 308 456 759 451 558 607 106 130 982 722 695 561 460 851 883
945 259 811 497 18 250 576 157 424 476 68 458 979 580 399 155 695 542 31 349 446 358 581 993 229 738 527 405 98 273 52 175 202 88 380 827 236 626 891 92
765 813 746 469 332 536 145 193 821 415 83 478 404 972 111 871 169 878 473 398 110 62 260 140 453 349 299 497 691 250 608 658 576 846 946 667 745 488 3 648
44 485 553 695 730 689 94 751 919 117 474 874 132 844 970 311 247 439 997 417 15 455 917 253 978 870 227 795 643 959 166 661 834 801 861 403 549 181 879 588
547 3 384 72 834 545 564 340 466 584 621 610 251 125 680 676 85 625 861 364 634 363 108 788 102 735 62 202 832 674 222 706 871 893 350 764 809 411 586 655
130 26 835 343 75 880 850 483 351 301 276 565 971 947 962 831 325 167 184 146 838 358 38 845 539 385 335 501 854 969 286 779 584 506 287 296 427 925 684 201
383 883 310 978 343 196 163 376 292 894 343 881 465 827 379 911 190 457 714 476 393 725 500 419 81 35 675 21 338 731 246 165 262 16 448 731 755 294 217 129
696 710 737 939 73 567 518 798 284 280 572 766 809 47 572 57 838 269 883 671 116 663 116 823 644 107 90 666 511 750 389 577 581 467 907 146 683 970 114 999
171 670 926 660 125 304 909 729 634 14 788 273 389 75 391 573 761 515 316 473 209 611 90 238 745 590 73 94 338 540 248 208 432 437 802 966 530 182 819 485
879 704 667 578 367 652 647 22 882 650 784 98 763 994 401 585 187 869 126 889 921 602 693 806 936 86 380 948 485 363 441 237 400 587 357 414 584 66 961 757
829 159 129 407 968 278 125 356 994 309 29 579 885 18 118 841 848 621 555 549 441 583 189 814 205 75 722 900 307 576 678 833 341 47 557 498 255 873 556 75
114 836 537 324 234 680 327 608 271 636 618 708 896 306 742 152 910 518 692 364 665 696 307 262 422 549 13 987 227 208 884 563 803 96 255 930 415 159 484 572
721 887 438 737 467 218 90 112 819 133 781 889 823 907 618 52 602 786 103 780 818 205 346 578 181 972 571 971 428 233 911 116 260 83 474 697 213 504 836 398
229 201 184 966 953 420 31 170 952 263 648 647 171 94 778 929 537 432 988 670 576 559 654 323 423 88 718 391 896 710 912 513 910 508 938 912 720 444 354 436
29 922 916 994 708 854 669 10 539 312 328 511 972 682 237 105 573 549 346 659 654 11 176 30 28 267 922 797 332 826 665 655 556 629 893 512 720 489 405 270
767 216 46 387 180 502 789 786 397 862 349 976 367 133 894 686 127 291 840 106 245 955 996 992 889 925 901 238 919 987 300 732 482 481 84 313 513 64 128 941
494 745 733 433 300 47 858 622 518 668 486 407 836 725 163 879 973 142 179 521 482 667 533 107 731 205 696 922 828 376 310 52 306 665 787 261 347 750 480 752
892 347 629 967 949 939 258 19 265 151 282 154 705 255 392 852 426 26 974 898 886 360 428 367 139 100 423 409 252 701 432 838 889 615 169 669 332 973 423 388
277 171 909 316 838 854 735 22 547 264 247 123 74 462 571 491 699 675 473 687 272 348 266 900 34 744 454 682 886 358 600 324 473 599 67 405 183 912 549 979
323 968 275 532 303 15 422 190 624 324 568 404 667 871 44 733 331 577 864 397 550 95 869 781 809 369 683 739 802 485 75 772 907 30 616 666 276 260 486 62
314 228 430 362 479 371 884 911 197 453 635 280 942 552 456 647 55 774 622 848 569 586 892 593 38 124 944 174 752 426 233 666 825 512 712 412 449 992 91 652
937 134 117 623 85 579 190 716 857 607 697 629 89 728 351 665 508 317 537 725 671 676 674 132 207 939 350 199 510 476 871 413 930 10 406 957 739 809 596 103
118 982 151 166 306 415 499 122 297 124 493 289 32 850 153 752 700 245 573 261 372 648 751 824 567 300 178 683 896 337 155 282 428 322 670 579 620 900 865 965
522 247 348 708 935 501 858 83 357 914 653 72 893 892 806 315 7 676 232 751 257 895 515 149 336 729 118 367 152 814 4 533 598 127 784 633 690 120 500 309
442 648 607 754 234 761 243 412 287 358 210 710 981 847 293 918 919 511 12 718 41 451 506 422 496 189 836 258 167 583 614 978 111 785 41 794 663 445 304 48
928 14 947 647 513 632 947 727 583 479 646 850 531 302 365 632 935 129 352 540 140 164 729 369 410 153 84 998 586 673 142 891 463 583 939 808 580 391 832 321
593 781 432 306 294 160 755 147 732 734 314 964 925 16 620 249 708 14 91 810 540 309 860 252 829 830 53 723 720 968 715 523 94 901 944 916 324 191 65 673
241 839 577 169 895 728 583 179 123 790 740 945 728 176 168 6 206 372 881 703 941 107 707 72 469 189 809 301 840 103 226 52 726 99 9 448 734 459 792 281
331 528 968 638 748 708 235 701 141 896 948 777 810 159 407 579 875 89 76 993 519 880 414 337 966 379 33 709 390 48 291 937 350 961 619 879 838 754 959 617
4 286 289 517 877 462 650 147 269 211 642 864 374 167 515 121 180 951 528 313 969 865 383 877 644 725 855 343 585 676 665 63 595 431 306 89 986 921 521 328
776 724 791 298 85 384 217 44 664 389 404 772 749 257 798 61 492 886 340 171 120 452 337 814 469 483 773 891 7 546 500 388 154 352 773 627 219 633 450 9
809 651 852 682 455 335 35 991 379 27 827 268 708 682 333 297 708 913 53 994 234 767 217 808 910 71 362 677 464 475 165 532 351 327 294 692 908 759 643 768
975 681 643 621 299 584 369 840 736 289 160 836 948 606 610 790 202 579 748 121 258 911 994 912 432 922 508 233 187 311 343 110 718 425 748 281 379 229 667 471
407 226 311 925 579 316 867 472 100 915 100 720 676 987 791 255 318 594 90 833 695 785 964 737 473 946 632 293 714 214 410 893 914 959 583 776 599 119 147 746
537 471 240 885 788 753 196 322 631 876 167 111 232 965 364 768 103 41 364 286 765 950 718 641 980 494 976 293 509 169 476 489 696 851 902 997 200 559 635 432
93 985 831 344 812 998 459 674 938 932 416 703 414 632 249 812 478 541 805 865 121 787 271 628 490 492 956 46 305 673 638 989 688 898 359 970 144 474 417 74
18 658 47 693 23 665 620 429 706 0 580 789 698 436 630 227 161 998 904 788 998 340 366 742 509 485 839 633 512 823 928 378 253 600 123 261 414 231 377 591
180 482 907 177 616 523 284 573 735 682 656 901 893 928 462 513 9 143 450 730 102 951 53 147 713 442 667 463 216 704 194 50 485 454 957 474 894 8 143 571
748 135 722 463 933 264 93 135 647 748 54 721 426 970 835 136 594 769 527 543 561 277 356 739 217 343 327 331 388 464 580 0 609 9 75 642 708 163 114 223
677 957 211 850 405 630 315 659 822 866 483 356 476 816 487 525 10 791 565 768 940 935 154 320 927 808 42 685 487 980 711 624 827 420 901 730 950 840 869 643
305 255 74 194 81 328 483 186 743 411 459 306 792 632 708 78 927 217 177 240 46 412 463 549 952 209 957 166 211 191 253 559 113 961 628 127 1 256 154 763
333 109 995 242 364 294 486 657 900 136 467 632 420 207 371 80 180 147 2 85 289 279 41 554 719 804 807 431 541 701 76 493 437 712 841 980 887 650 104 777
997 166 981 187 533 721 377 738 674 428 779 80 887 177 88 777 471 229 12 309 596 930 984 237 20 247 286 310 248 277 484 711 195 322 17 731 82 521 602 414
247 376 42 680 699 763 228 1 582 135 96 480 160 736 296 286 550 161 919 177 571 631 375 652 524 1000 521 287 33 928 389 694 921 499 632 241 372 463 749 723
415 845 480 571 670 554 54 470 266 876 374 767 657 291 8 477 710 612 929 350 397 617 621 839 84 508 184 705 56 678 597 171 393 419 480 467 2 565 506 939
697 660 70 980 328 115 492 204 617 404 215 178 450 753 664 230 10 113 485 440 971 766 952 903 99 473 423 718 321 416 721 236 810 607 391 566 118 186 503 924
318 20 828 378 476 798 64 34 637 545 149 732 571 426 298 968 546 330 929 400 892 767 399 916 606 88 533 928 520 288 160 810 530 621 425 346 24 488 25 449
866 776 941 279 729 789 268 123 578 772 397 135 561 308 933 272 831 247 200 63 447 590 208 139 279 464 58 378 371 851 694 121 380 165 111 777 129 341 193 956
648 509 79 40 929 980 441 472 898 559 195 556 418 209 76 237 685 477 836 806 984 558 255 760 172 20 164 146 375 741 982 405 510 464 106 568 93 743 820 260
161 54 232 777 613 531 626 518 317 624 575 12 157 993 204 668 467 760 305 75 611 773 700 665 54 705 419 448 323 403 147 607 231 323 511 370 135 257 543 46
