500
5.19 10.00 6.12
1.33 0.42 9.96
7.97 6.94 0.60
10.00 10.00 4.47
3.84 6.87 3.96
7.81 9.97 4.84
7.03 2.84 1.78
6.69 7.02 4.41
8.76 0.26 10.00
8.62 1.88 8.22
2.77 3.17 6.95
1.29 10.00 5.17
10.00 6.76 5.80
6.14 6.39 8.89
5.93 4.90 6.38
0.58 9.57 9.70
3.99 1.31 9.39
10.00 6.91 3.31
1.00 5.29 4.25
10.00 1.02 2.49
3.34 7.09 4.16
5.30 2.17 8.57
10.00 4.76 2.57
1.62 1.78 10.00
6.82 3.01 6.48
1.18 5.74 3.48
0.84 1.66 10.00
1.27 3.50 9.38
4.53 1.60 9.85
1.27 3.35 8.32
4.34 9.66 6.42
3.27 3.16 9.21
10.00 0.16 8.24
4.10 6.68 3.67
0.53 9.13 10.00
6.14 6.03 0.13
1.61 0.35 0.11
1.63 8.10 9.48
1.78 1.22 4.13
1.65 0.12 1.99
0.74 5.35 8.16
1.30 1.31 0.35
7.01 10.00 5.33
5.83 8.45 4.35
6.47 9.99 2.22
5.47 1.74 5.60
1.55 6.62 6.51
9.49 0.49 5.43
2.00 1.70 10.00
3.91 2.60 10.00
7.53 0.96 4.92
1.20 4.02 4.04
3.48 6.64 9.01
2.61 5.77 3.58
8.04 0.60 0.34
5.48 6.55 1.80
1.72 2.87 0.30
8.09 4.35 9.54
7.19 0.74 4.92
0.71 3.02 3.45
2.42 5.68 10.00
6.27 9.41 10.00
3.39 1.59 8.78
5.18 8.95 9.04
9.88 8.07 7.20
10.00 9.67 7.19
6.63 4.34 7.39
4.36 8.57 3.77
10.00 6.70 7.53
0.74 9.87 10.00
5.13 5.75 6.06
9.94 6.76 8.83
1.74 1.42 1.91
6.55 1.98 0.26
9.55 9.98 0.94
7.49 1.01 3.65
6.88 5.09 10.00
3.86 8.06 2.93
4.55 3.89 0.55
3.55 6.97 7.93
9.74 0.24 6.61
3.72 6.16 1.20
1.50 7.66 3.58
9.42 3.44 9.67
8.39 2.66 1.08
9.36 9.39 2.30
4.13 5.04 4.73
1.39 5.23 3.88
4.13 1.87 7.68
10.00 6.14 10.00
0.74 9.51 5.02
4.71 7.11 6.90
6.12 0.05 1.73
1.73 2.48 8.53
3.28 1.47 7.97
7.17 6.12 2.26
4.20 5.48 8.78
10.00 2.48 9.73
3.02 3.31 6.25
9.58 6.62 3.25
2.05 4.97 8.69
10.00 9.12 10.00
5.16 6.52 10.00
0.25 1.63 1.06
0.04 7.10 2.01
5.22 3.96 6.68
10.00 6.47 2.50
1.75 2.00 5.58
10.00 5.47 4.40
5.58 6.24 7.01
1.29 6.90 5.58
2.11 3.95 5.47
5.41 1.05 3.55
0.42 9.70 6.45
4.56 6.98 9.77
2.93 6.74 6.22
10.00 5.28 4.82
9.92 6.63 9.14
4.83 3.24 0.49
10.00 9.10 1.32
8.03 5.01 0.96
7.64 8.07 6.84
2.33 9.40 9.54
3.42 0.64 6.17
9.37 10.00 1.59
6.87 4.59 4.71
9.86 9.67 9.11
6.11 5.68 6.66
4.85 9.30 1.31
3.24 8.33 10.00
7.07 7.06 1.94
6.60 3.94 4.45
9.78 1.95 1.78
0.09 3.84 2.04
9.47 9.98 7.90
9.04 6.32 7.22
9.56 3.75 3.47
10.00 0.89 7.17
9.43 2.63 9.40
0.80 4.72 5.80
2.78 2.69 10.00
8.95 1.97 9.07
4.08 8.20 0.20
5.71 3.31 7.89
10.00 2.27 6.03
1.12 3.63 2.87
6.51 8.58 8.63
6.25 5.70 6.35
3.26 4.40 5.70
6.30 4.67 0.59
1.04 2.01 0.56
6.97 3.19 8.82
4.02 7.42 5.35
3.07 8.00 5.08
8.79 9.79 3.87
9.31 1.87 8.39
5.92 8.49 1.46
3.61 6.35 5.54
8.52 6.43 7.57
5.64 3.24 4.00
8.80 1.51 8.07
5.01 0.41 6.74
9.11 7.97 6.88
1.71 4.89 1.57
10.00 1.66 2.12
8.05 1.40 8.02
2.88 9.29 1.99
5.16 7.07 5.59
8.81 10.00 1.15
10.00 10.00 7.62
3.93 3.85 2.61
3.25 8.44 6.92
7.92 0.32 0.98
4.67 3.13 6.47
0.66 6.38 8.72
1.34 7.71 1.18
7.80 3.45 0.51
10.00 10.00 2.61
8.61 2.98 6.16
7.74 2.85 3.84
0.30 8.48 4.25
5.10 8.99 4.15
5.13 10.00 7.13
2.04 10.00 2.35
1.19 7.54 4.01
6.04 3.65 8.45
4.82 4.30 8.40
5.99 10.00 6.30
8.46 2.09 8.16
1.22 5.12 4.01
7.16 5.10 6.58
6.09 4.38 6.77
0.75 1.30 8.91
10.00 9.05 9.65
8.98 4.93 1.64
2.89 3.29 3.31
10.00 2.34 2.24
10.00 9.14 5.70
5.00 7.61 0.25
1.96 1.44 6.36
10.00 4.94 10.00
10.00 7.40 5.48
10.00 7.17 3.77
9.68 9.55 9.64
8.90 9.79 3.91
0.23 6.13 8.06
1.76 0.69 4.66
2.34 9.84 0.79
7.34 3.32 8.16
5.68 4.04 5.89
10.00 6.54 1.42
0.14 7.02 2.58
5.07 0.29 2.31
10.00 1.52 5.38
4.02 8.68 0.64
6.27 7.37 2.48
5.69 3.34 6.00
7.46 6.97 3.68
4.80 9.10 8.86
6.01 0.39 0.08
1.26 7.89 1.21
0.35 1.35 6.66
6.99 10.00 9.01
8.93 3.39 5.72
4.19 4.48 3.00
3.44 6.20 2.22
3.16 2.70 1.52
4.25 0.70 4.17
0.40 5.24 1.19
9.90 6.99 7.70
7.40 1.97 5.31
1.21 2.23 3.81
6.71 1.49 4.81
1.34 9.00 4.48
4.03 7.08 8.35
6.21 3.80 3.95
5.19 6.80 4.50
0.78 10.00 9.62
3.36 3.79 2.63
7.78 8.79 6.72
7.90 4.20 2.75
5.36 3.59 9.38
1.38 4.37 10.00
10.00 10.00 8.05
1.10 4.80 1.83
9.84 7.13 3.71
5.70 0.07 6.13
9.41 7.17 10.00
4.05 0.57 9.88
2.05 7.53 4.80
4.99 5.31 1.01
9.61 5.75 5.60
3.66 3.42 4.73
10.00 7.41 2.03
7.04 7.16 0.86
4.31 7.73 1.49
5.56 1.68 5.45
9.57 10.00 4.54
0.99 3.42 5.31
5.46 8.43 9.86
8.47 4.46 1.46
8.13 6.91 8.35
3.32 3.90 3.79
4.01 0.50 2.06
0.19 5.52 2.89
7.89 9.75 8.86
5.11 8.19 3.48
6.83 7.61 3.03
5.69 9.67 3.67
5.81 10.00 6.43
0.31 1.57 8.20
7.97 5.37 8.76
7.72 2.73 8.28
1.64 8.35 3.58
9.45 3.03 9.67
5.75 8.82 10.00
7.06 3.52 4.02
8.03 0.14 2.01
8.85 3.59 5.34
2.07 8.81 9.56
8.03 9.73 10.00
3.20 0.36 1.99
4.03 3.63 2.12
1.96 7.13 5.13
6.14 8.25 5.18
0.05 1.18 7.27
5.05 8.22 8.88
3.50 3.25 10.00
5.44 5.67 0.89
0.79 1.99 4.82
5.19 6.18 5.94
7.95 5.75 1.45
4.09 5.07 8.84
8.27 9.31 0.84
6.63 8.34 7.18
10.00 0.19 8.10
8.05 4.36 0.73
0.16 4.31 7.13
4.48 6.96 6.71
6.79 3.22 0.04
0.42 10.00 2.97
3.95 2.76 4.66
9.65 2.72 7.47
8.20 8.49 2.22
2.53 0.78 7.35
2.99 3.44 4.21
10.00 8.32 5.07
9.24 1.36 3.92
3.75 3.54 6.09
5.94 3.44 5.01
10.00 7.45 7.99
8.04 1.65 0.93
8.14 1.14 4.02
4.25 4.72 6.13
9.04 1.45 5.48
7.74 1.29 2.24
9.11 2.23 2.89
10.00 3.77 8.85
8.92 2.67 0.62
5.59 9.07 2.40
2.64 8.01 2.40
8.81 10.00 3.32
9.99 10.00 10.00
9.68 7.88 2.40
8.36 1.27 5.71
7.30 10.00 0.15
6.68 8.52 9.75
10.00 6.35 8.94
8.38 4.51 5.53
0.94 10.00 8.74
9.08 7.28 6.04
5.53 7.73 9.54
8.79 10.00 8.39
9.26 4.65 7.38
7.95 0.33 6.17
9.78 10.00 4.70
2.36 6.43 5.33
6.76 1.89 8.89
3.29 2.44 6.19
10.00 5.72 4.77
2.59 9.15 4.15
5.85 5.85 1.69
6.55 3.75 3.51
7.31 1.53 4.82
8.62 3.77 9.21
5.72 7.20 4.14
1.40 9.74 4.30
1.43 7.66 8.34
4.78 9.72 5.85
3.79 2.19 8.90
7.67 2.25 6.95
1.43 1.20 8.26
0.55 6.52 8.09
3.56 6.11 8.41
3.37 7.37 1.28
10.00 8.47 10.00
6.78 8.25 5.33
8.02 6.83 9.07
1.04 5.56 5.78
0.59 9.42 1.51
3.60 8.44 8.94
2.11 8.13 4.97
7.66 10.00 2.57
4.29 10.00 1.26
4.71 8.83 4.12
5.75 0.54 1.86
2.73 0.41 1.51
7.77 7.44 5.16
2.65 9.89 8.26
0.72 0.98 0.24
5.30 0.44 8.82
7.85 5.59 4.86
10.00 1.34 0.76
9.39 9.70 10.00
7.70 9.49 1.88
9.82 5.43 0.08
3.92 4.62 4.68
2.83 4.70 3.70
9.26 6.50 8.98
4.51 2.89 6.39
6.31 5.05 5.70
9.91 8.68 4.20
3.64 7.20 0.72
0.09 8.82 9.96
2.57 1.73 10.00
8.03 6.03 7.03
3.00 8.42 3.35
3.87 8.00 1.32
0.39 2.81 2.50
8.42 7.07 3.55
10.00 9.57 4.02
8.45 7.15 9.50
9.86 1.84 10.00
4.27 6.14 8.76
7.06 8.12 3.26
1.16 0.81 10.00
8.39 5.15 0.44
1.43 9.79 10.00
1.66 3.64 0.59
0.07 9.44 8.77
5.07 3.62 2.57
9.89 8.02 7.10
5.09 4.89 3.41
7.89 8.13 9.25
2.07 1.42 3.27
1.33 5.11 8.85
3.34 2.16 3.88
9.33 8.09 6.81
2.66 9.10 0.37
9.93 9.51 10.00
0.31 7.81 5.89
7.90 0.35 10.00
6.88 3.00 4.99
0.90 10.00 7.01
2.21 6.26 9.29
3.57 1.14 7.66
4.15 4.88 8.33
4.24 8.28 1.04
8.64 10.00 3.92
8.14 3.97 0.16
3.15 8.92 1.82
1.76 9.50 5.44
4.32 3.04 5.32
9.60 4.76 7.31
2.90 6.40 7.52
6.42 9.01 8.85
5.23 3.94 4.44
2.64 7.54 10.00
9.35 1.30 8.49
4.76 10.00 9.06
5.32 4.22 10.00
0.51 8.48 1.15
9.43 4.71 1.63
8.33 2.00 4.61
2.81 10.00 3.21
2.18 0.75 5.04
0.64 2.02 8.87
3.44 3.52 6.91
0.26 2.01 4.30
1.17 1.46 2.39
5.45 7.16 9.60
2.59 9.93 4.56
0.83 4.98 10.00
9.31 4.82 10.00
7.41 4.65 3.26
4.22 4.45 6.52
0.75 8.82 4.61
8.65 1.20 2.25
9.96 2.86 8.45
4.76 1.42 9.08
9.02 4.26 3.20
2.29 1.10 1.22
2.90 4.53 9.02
10.00 5.14 3.10
10.00 0.61 8.57
5.92 4.25 8.91
0.58 6.58 10.00
9.59 5.89 5.82
4.25 10.00 3.34
3.14 0.01 0.14
8.35 3.93 4.64
9.31 1.22 10.00
9.62 0.33 5.56
10.00 10.00 3.27
8.84 6.52 6.56
10.00 7.31 2.35
10.00 3.63 4.68
1.58 10.00 7.78
7.46 4.64 3.42
10.00 3.15 5.06
0.16 2.44 4.07
7.65 5.10 2.08
8.76 4.86 9.81
1.06 9.40 5.36
9.63 2.96 9.25
6.12 6.80 0.35
7.51 10.00 4.77
0.21 2.61 8.95
2.81 4.51 5.52
6.13 3.51 3.18
6.34 0.39 5.52
6.35 4.08 2.87
9.60 0.23 3.29
2.67 8.94 0.55
10.00 6.94 5.81
0.37 6.82 2.92
5.05 1.35 0.26
10.00 0.50 4.87
10.00 10.00 10.00
1.72 10.00 0.19
2.28 3.32 2.48
10.00 2.08 1.63
4.93 2.07 8.23
2.39 4.01 9.29
2.01 4.03 8.76
9.83 0.34 8.97
9.58 1.70 7.55
4.77 9.85 1.24
4.19 4.90 1.83
7.97 1.69 6.44
