1000
4.40 8.25 8.43
0.77 0.66 6.50
4.06 4.27 8.90
1.43 2.48 8.06
3.65 7.96 8.24
5.01 0.19 7.57
7.51 6.11 1.80
8.21 4.66 10.00
10.00 3.38 2.89
2.80 9.19 4.70
2.04 1.74 7.78
3.18 10.00 8.19
10.00 6.88 6.81
0.87 1.16 5.15
9.52 5.67 9.17
7.34 1.33 5.73
6.58 9.63 7.08
1.42 2.49 1.02
10.00 10.00 9.72
9.26 2.69 5.68
1.65 0.45 4.83
5.59 0.39 9.82
7.47 2.49 7.59
3.59 8.59 1.18
1.71 2.90 0.96
9.16 3.78 7.93
2.26 2.43 5.13
5.24 4.18 10.00
10.00 6.41 4.87
2.61 6.97 10.00
0.89 6.97 4.50
10.00 7.75 7.06
7.43 3.78 2.72
10.00 6.08 1.67
6.94 0.36 8.87
2.08 10.00 9.50
7.44 7.97 0.86
1.79 2.30 3.03
4.23 6.79 1.69
3.77 4.11 3.43
3.36 6.29 5.40
7.34 6.09 1.23
6.27 2.87 8.30
7.49 7.30 8.59
1.22 0.02 5.22
1.31 8.06 6.92
10.00 8.93 2.17
10.00 5.51 8.89
5.31 6.70 0.57
1.92 9.80 8.83
3.17 6.64 3.92
10.00 1.95 8.37
8.09 5.26 4.58
6.79 10.00 10.00
8.37 0.42 2.50
4.31 8.18 9.64
4.30 8.20 3.06
7.27 4.91 7.49
8.16 6.44 5.90
6.30 1.28 0.66
7.00 0.13 2.72
2.06 2.37 6.51
3.90 7.20 2.94
5.37 6.63 5.79
9.99 7.20 9.73
8.16 0.46 3.93
7.38 9.51 6.41
3.05 0.46 4.80
2.55 5.17 5.44
8.43 1.11 1.23
0.89 2.40 7.38
2.19 0.31 5.23
5.21 4.06 6.79
2.56 1.92 2.74
7.87 2.44 4.16
4.23 6.24 7.33
4.90 5.15 10.00
0.93 8.59 4.24
2.94 3.71 9.41
7.45 3.91 3.15
5.40 4.25 10.00
6.73 10.00 2.22
3.22 6.59 8.92
1.37 7.11 5.33
0.45 5.21 4.24
10.00 8.53 5.91
7.05 10.00 6.60
3.51 9.09 6.96
3.21 10.00 6.87
0.64 4.58 8.93
7.55 8.39 5.38
5.56 10.00 3.41
9.95 2.53 9.34
3.34 0.49 1.35
6.92 6.32 3.63
6.44 3.97 10.00
2.44 8.44 1.49
8.46 3.98 8.54
0.64 3.28 3.58
1.99 10.00 9.45
4.08 7.25 7.04
1.73 4.36 6.68
1.74 1.70 7.34
9.78 0.70 2.92
5.35 9.23 1.69
3.71 2.23 6.69
1.54 2.40 8.56
2.20 2.29 3.02
1.18 2.68 8.62
9.11 7.54 2.95
7.77 8.30 8.05
7.41 5.30 7.48
9.56 1.33 2.87
7.61 4.79 6.31
2.10 1.02 7.56
9.14 9.62 0.10
7.87 1.01 0.35
5.63 6.64 6.23
0.36 8.31 7.46
10.00 0.65 3.60
5.96 0.86 4.80
1.78 5.25 5.36
0.58 5.54 3.54
10.00 2.41 2.03
7.96 4.37 7.90
4.76 3.75 4.50
10.00 9.45 0.15
2.65 2.08 1.96
10.00 1.89 10.00
4.99 5.61 0.81
6.64 3.93 10.00
3.55 3.26 5.70
0.12 1.00 9.15
3.54 0.96 7.24
2.93 6.67 1.74
7.05 8.46 3.76
5.14 2.69 4.56
8.57 4.49 2.43
7.07 8.76 3.21
9.27 0.95 8.12
4.73 8.12 10.00
0.91 7.86 6.69
3.32 6.45 6.55
5.98 6.06 0.60
3.57 9.82 9.14
1.96 7.09 4.65
7.32 8.10 4.26
7.82 6.36 3.53
2.66 5.16 8.96
7.26 2.69 9.45
6.18 6.73 8.64
3.94 4.00 6.89
6.40 7.16 6.26
6.91 3.76 4.76
1.71 7.44 9.81
10.00 10.00 5.87
10.00 3.75 8.36
2.30 1.54 10.00
6.91 4.52 1.18
5.64 6.25 3.87
6.37 8.28 3.42
3.41 4.36 7.46
7.59 1.08 8.97
8.07 8.65 0.25
6.50 6.61 2.25
9.56 4.06 7.71
3.06 10.00 2.54
9.25 3.63 7.06
0.44 6.75 2.49
5.05 1.08 6.09
6.81 3.37 9.97
5.47 7.27 6.87
3.16 1.06 4.93
7.59 9.51 0.58
9.11 8.96 1.04
0.03 9.82 10.00
1.04 0.87 1.77
4.99 7.34 6.32
7.54 5.79 3.05
9.27 8.83 7.07
6.71 0.38 7.30
6.55 7.92 9.03
5.40 5.35 9.05
10.00 2.47 1.57
6.88 2.17 9.48
0.38 3.50 8.19
7.78 8.92 8.08
3.07 2.31 10.00
1.84 2.44 2.83
3.21 0.96 7.38
7.79 3.96 6.73
6.29 4.27 0.94
1.90 9.46 7.90
1.75 4.00 9.81
5.04 5.92 4.80
7.53 7.35 1.22
9.67 7.69 4.85
10.00 6.74 5.35
9.87 9.18 10.00
7.89 1.58 3.81
4.87 2.42 3.37
8.17 0.28 8.95
8.11 7.18 2.00
4.85 8.58 6.26
2.77 7.57 3.50
7.42 7.90 3.20
0.44 10.00 3.08
7.00 4.22 2.76
5.08 6.52 9.04
3.62 9.35 6.34
1.73 6.01 8.21
4.99 1.13 3.51
9.04 8.86 3.30
7.98 5.77 10.00
5.81 9.90 0.73
4.19 5.46 8.16
8.63 9.87 1.35
5.16 0.68 5.60
9.51 8.21 0.24
9.58 6.59 3.66
4.10 4.77 0.39
2.86 1.54 3.41
6.44 8.80 7.64
9.22 0.71 0.16
4.75 3.60 10.00
6.94 4.26 9.71
10.00 9.32 0.75
5.82 7.79 1.47
7.41 0.17 3.48
0.93 7.04 1.76
9.15 2.48 1.44
7.22 3.43 5.68
7.91 4.34 5.88
10.00 9.71 9.77
8.90 1.58 9.63
6.60 10.00 2.84
9.40 2.15 2.17
0.58 8.17 9.27
8.19 0.50 5.70
6.83 5.48 8.04
9.00 5.16 10.00
8.45 3.36 5.56
8.27 4.62 8.75
5.68 8.11 10.00
7.83 2.36 10.00
8.73 0.76 0.91
3.43 10.00 4.80
8.91 10.00 1.93
4.88 8.72 5.92
2.61 5.64 8.45
6.80 9.31 2.18
1.52 5.89 10.00
5.54 9.79 4.46
2.44 10.00 8.13
4.27 8.49 9.86
7.74 4.71 5.69
4.30 4.97 10.00
4.08 8.59 5.81
2.81 10.00 0.24
8.77 8.03 4.30
9.12 5.66 4.22
4.71 7.77 10.00
9.34 2.70 8.03
0.45 5.09 4.86
0.52 9.06 0.14
0.54 4.96 7.93
0.51 5.22 7.98
5.80 7.01 8.74
9.51 3.45 0.34
10.00 3.63 9.46
4.87 2.64 8.36
10.00 1.06 4.74
2.58 10.00 2.50
10.00 8.88 4.16
2.28 10.00 1.05
4.19 1.11 8.10
0.87 10.00 9.74
3.82 8.35 7.73
6.27 7.46 5.02
9.03 2.59 7.94
0.16 5.32 8.99
8.72 5.80 4.89
1.90 3.23 2.64
0.83 8.52 7.29
4.10 8.35 3.68
4.56 2.23 1.30
5.14 0.49 1.94
4.44 8.09 8.03
2.01 1.12 4.53
9.77 3.56 0.14
8.86 4.71 2.79
1.24 7.95 7.56
6.48 7.25 5.52
2.50 10.00 7.70
6.57 6.50 6.55
0.83 7.12 5.02
0.93 1.67 4.75
7.35 2.29 9.41
8.98 1.24 0.41
2.29 10.00 0.66
3.63 4.86 0.75
2.63 0.75 6.94
1.81 0.53 10.00
9.56 2.94 5.17
2.51 6.98 0.37
0.54 2.46 5.02
7.97 6.23 0.04
4.88 10.00 4.99
4.46 7.59 9.63
0.27 9.40 5.68
5.33 10.00 4.85
6.51 10.00 0.09
1.48 5.95 8.83
9.26 0.06 9.30
7.25 9.01 1.74
5.77 7.14 0.02
2.84 4.13 6.19
9.80 5.73 1.64
9.98 9.72 5.99
3.36 10.00 4.50
9.42 7.02 5.32
3.99 9.23 9.12
3.03 6.88 7.93
0.19 1.12 2.96
7.09 2.43 1.72
6.30 6.48 8.67
7.31 9.09 8.64
0.16 0.98 7.70
7.38 5.65 2.28
8.27 3.67 10.00
10.00 10.00 5.98
7.04 7.15 10.00
7.78 0.85 6.76
7.58 1.10 9.85
3.99 4.93 5.47
9.39 9.62 9.08
9.94 3.16 5.40
1.29 4.06 7.01
5.84 6.05 2.93
7.08 8.89 1.76
7.85 0.95 6.67
9.77 0.81 7.34
6.97 10.00 7.73
7.90 0.45 4.13
6.34 10.00 6.86
3.19 5.29 0.98
1.69 9.30 3.26
7.88 5.87 0.69
2.61 1.41 2.02
4.85 8.29 2.04
9.85 4.13 7.09
8.18 3.68 0.85
0.91 6.31 3.21
3.11 0.74 5.72
1.03 6.75 7.89
1.60 2.00 9.76
7.00 6.65 6.21
0.06 9.00 7.37
5.54 2.72 3.99
1.40 3.79 5.93
7.27 6.78 5.00
4.08 10.00 0.15
1.61 7.99 5.92
0.39 10.00 9.93
0.67 3.29 6.37
2.79 4.57 9.70
6.02 7.79 0.63
10.00 4.19 8.91
2.88 10.00 2.52
2.71 8.74 0.24
3.72 4.46 10.00
4.64 10.00 4.35
10.00 4.34 1.36
1.68 2.84 9.58
4.47 8.26 6.95
9.93 1.37 5.19
4.66 6.08 9.97
6.51 4.06 2.26
1.70 3.60 3.27
7.57 3.20 2.25
8.88 5.16 1.51
3.01 7.61 0.51
9.15 3.08 5.73
9.58 1.74 9.84
1.51 7.90 2.75
1.45 5.01 8.85
7.48 3.61 4.35
1.93 2.32 2.56
9.00 10.00 10.00
0.54 2.97 1.49
2.07 10.00 3.99
9.56 5.40 7.91
4.50 5.62 9.98
9.20 7.72 1.09
9.31 1.46 10.00
7.02 6.25 7.45
7.15 9.09 0.61
0.01 7.75 10.00
8.69 3.12 6.90
9.89 5.94 8.74
2.63 2.22 5.26
3.85 10.00 7.44
6.85 4.61 10.00
10.00 1.82 7.64
10.00 0.15 6.20
1.18 8.89 6.28
3.79 0.45 2.00
7.10 9.79 2.52
6.05 9.02 8.09
9.17 0.43 6.31
7.04 2.86 9.78
1.03 5.04 2.32
10.00 4.28 2.63
8.77 3.53 0.00
10.00 4.51 0.58
4.71 2.84 7.52
7.49 6.65 10.00
9.96 0.90 6.09
4.42 9.48 8.28
0.49 5.44 9.81
6.91 10.00 5.12
8.26 1.95 10.00
1.27 3.46 4.02
0.73 9.76 7.73
4.34 5.69 10.00
6.56 10.00 9.59
5.61 5.26 4.96
9.43 4.20 7.50
9.01 8.36 8.44
1.34 2.17 9.56
6.88 0.16 0.23
7.18 5.98 1.93
10.00 4.36 4.55
9.20 3.14 4.07
1.12 4.91 1.54
4.94 10.00 7.46
7.20 2.62 1.44
9.87 10.00 3.42
1.20 7.08 2.37
5.19 6.88 10.00
1.66 4.25 9.23
8.76 0.97 9.01
7.39 10.00 6.39
6.33 3.54 1.10
8.67 3.49 6.38
4.55 1.95 9.82
10.00 1.92 4.69
9.30 5.08 3.71
1.67 1.05 2.09
7.33 0.41 5.88
10.00 0.14 5.64
1.05 0.24 3.09
7.66 0.38 10.00
0.55 5.86 8.58
7.71 8.13 0.30
2.13 4.58 3.44
5.03 8.27 10.00
9.42 5.28 6.85
3.31 9.03 10.00
10.00 0.98 10.00
1.51 7.11 1.46
0.27 4.00 9.71
6.05 10.00 9.49
2.80 8.33 1.39
6.85 4.67 4.05
9.07 4.00 10.00
0.23 3.31 7.00
4.58 4.01 8.47
1.60 0.57 1.17
0.48 2.52 9.16
9.73 7.54 10.00
6.52 8.85 0.53
2.30 10.00 9.00
10.00 4.20 8.89
0.57 3.59 9.20
8.16 7.69 2.19
0.80 4.04 10.00
0.31 10.00 1.16
6.29 1.72 4.99
4.81 5.20 5.68
10.00 1.80 10.00
1.31 8.03 7.03
5.93 3.93 3.54
1.90 7.68 6.05
6.97 10.00 0.84
7.42 1.44 7.51
10.00 4.33 8.81
8.54 6.12 1.74
3.58 8.88 2.33
4.21 9.14 1.94
5.75 5.47 2.58
2.33 6.88 4.19
9.09 8.78 7.43
5.58 2.74 9.77
0.56 8.18 8.95
9.54 3.90 10.00
2.84 0.87 3.90
4.05 1.08 5.68
1.78 2.66 8.51
8.50 4.64 7.63
3.29 8.66 5.02
0.60 5.54 4.10
1.34 6.72 8.80
4.57 5.12 7.17
1.09 5.32 4.37
0.39 5.46 8.94
0.21 7.81 4.84
4.97 3.68 5.70
1.14 9.06 10.00
1.88 3.41 6.39
7.31 9.73 3.34
2.05 5.94 1.56
3.80 10.00 10.00
0.62 1.54 7.56
8.57 4.37 0.41
5.96 9.67 3.60
6.53 6.58 9.38
4.30 7.33 4.40
8.24 9.94 4.69
10.00 2.39 10.00
0.59 7.70 5.86
5.31 5.03 7.24
2.79 3.52 0.10
2.29 5.86 0.22
6.14 2.04 9.18
10.00 5.11 0.35
5.18 0.00 3.40
7.87 9.82 1.20
10.00 8.85 7.68
9.41 4.25 9.82
6.95 0.51 7.83
3.50 0.95 8.71
5.15 1.48 1.40
1.86 1.03 5.19
7.43 7.35 8.42
8.98 10.00 9.60
9.63 7.49 8.73
2.98 6.51 3.93
3.06 1.47 0.32
9.44 6.63 7.65
0.45 7.98 0.17
0.28 8.38 10.00
1.34 7.88 6.33
2.86 3.10 0.49
4.20 9.02 2.05
5.63 6.86 3.94
8.11 7.92 5.03
1.03 2.93 10.00
3.92 4.16 2.01
9.69 3.98 3.79
1.43 8.67 2.49
8.61 6.01 9.84
6.90 2.57 0.34
8.63 8.90 0.80
3.11 0.21 4.42
9.47 0.61 6.62
6.68 0.44 3.90
0.47 8.39 4.85
10.00 6.20 4.75
8.71 8.84 9.82
4.12 6.02 8.20
8.86 5.41 9.50
7.81 1.65 5.37
8.22 0.58 4.79
10.00 8.91 2.80
5.22 4.22 7.90
8.71 7.56 10.00
1.80 8.65 4.10
8.74 8.39 0.21
0.35 6.87 5.43
4.06 7.83 2.17
6.61 8.54 2.48
0.87 1.59 6.66
10.00 7.03 9.95
8.96 4.10 4.29
9.43 9.70 2.42
5.87 2.64 8.51
4.21 8.23 7.28
9.48 8.42 6.07
0.30 2.75 0.92
8.97 3.53 6.43
4.95 2.91 7.51
3.95 9.31 3.95
6.95 7.99 5.15
0.75 0.83 3.33
1.27 2.41 10.00
7.83 4.83 7.27
4.30 5.16 3.42
8.20 10.00 5.10
7.01 5.42 6.87
6.44 8.84 1.72
5.10 6.16 1.01
3.13 1.19 10.00
5.86 1.63 2.66
8.48 5.68 1.22
2.06 9.61 6.89
3.48 2.85 10.00
10.00 8.65 0.03
10.00 2.88 4.35
8.13 7.43 1.78
4.63 8.16 8.08
8.73 6.94 10.00
8.36 0.84 5.49
10.00 3.32 4.76
1.43 0.22 3.50
9.39 4.01 0.26
3.32 5.79 9.20
5.34 6.71 2.52
3.11 2.51 1.19
7.30 10.00 10.00
8.17 8.93 0.83
2.30 1.57 3.48
5.24 9.07 3.20
0.43 10.00 2.50
4.86 8.86 8.58
6.76 0.80 3.08
4.30 2.98 6.87
8.28 6.00 10.00
3.42 2.22 4.51
10.00 5.57 8.53
4.29 9.82 7.59
4.02 4.66 7.26
3.69 4.47 6.25
4.04 3.45 2.53
4.13 9.45 2.48
2.17 10.00 0.89
1.66 6.47 5.42
10.00 4.80 2.08
10.00 3.57 8.26
8.44 5.98 2.38
0.80 2.22 2.29
5.92 3.70 6.54
0.34 0.85 1.74
2.06 8.60 8.44
3.11 6.51 0.16
2.08 1.74 0.27
1.32 10.00 0.75
9.13 9.05 9.97
9.25 3.84 0.33
3.96 0.26 8.73
1.52 2.37 5.42
2.79 3.08 7.95
7.32 6.44 6.95
8.07 6.01 10.00
10.00 6.56 8.10
2.21 2.51 2.08
9.09 9.43 5.92
5.10 8.55 3.94
10.00 7.64 8.12
4.23 7.53 1.25
9.66 10.00 8.15
2.79 10.00 4.96
4.59 6.47 4.76
5.35 6.18 6.53
2.30 4.82 8.22
10.00 6.15 2.50
10.00 4.32 8.03
5.26 7.21 1.84
9.21 9.43 7.78
6.57 9.00 4.50
6.51 6.03 9.19
6.40 7.56 0.04
6.40 8.55 6.70
5.47 4.28 2.00
10.00 9.31 2.01
2.65 4.66 4.43
0.38 7.22 7.57
5.55 5.95 2.33
0.88 9.99 0.67
1.14 7.19 3.00
1.05 1.82 2.39
2.73 8.73 2.40
4.19 1.64 9.87
9.76 1.81 1.75
3.09 1.09 7.80
1.59 4.67 8.63
2.08 2.04 7.47
10.00 0.20 5.80
0.01 9.95 3.86
2.23 5.17 7.65
0.92 9.80 9.59
10.00 1.76 0.22
4.94 6.95 9.95
8.35 10.00 2.64
4.73 10.00 6.32
1.27 6.34 0.73
7.49 6.90 1.69
6.08 4.07 9.66
1.70 8.51 3.60
8.58 5.68 4.18
4.27 2.32 8.65
2.11 3.87 6.08
3.63 9.96 8.80
7.96 10.00 1.90
3.64 7.66 10.00
0.77 6.75 0.68
9.57 5.81 8.44
8.63 7.59 5.26
4.92 2.53 3.52
5.98 1.22 8.78
0.72 10.00 4.71
9.58 9.02 3.15
8.17 2.05 8.11
7.58 4.77 6.08
9.02 5.30 4.96
10.00 1.34 5.16
9.19 0.10 6.30
5.66 9.70 1.77
5.96 10.00 7.03
3.76 0.03 6.38
4.31 7.04 5.40
3.20 6.57 2.69
9.21 0.36 2.02
0.23 4.21 3.87
9.70 10.00 1.37
4.87 5.70 4.63
10.00 4.43 1.90
2.16 8.55 4.39
7.58 7.31 10.00
9.42 5.48 3.94
7.11 5.31 7.08
1.87 9.16 3.87
0.55 8.63 6.73
10.00 2.46 7.05
0.41 7.50 9.07
10.00 2.66 4.77
9.29 2.40 6.13
1.63 3.59 7.35
7.44 10.00 9.61
9.90 5.27 5.80
8.84 0.58 1.87
4.83 6.59 8.97
2.10 9.97 3.25
0.09 8.90 7.31
10.00 7.02 10.00
2.29 9.40 9.62
8.63 7.64 2.06
5.24 7.05 7.19
2.58 7.45 10.00
9.53 7.03 8.98
0.09 10.00 1.34
10.00 10.00 0.17
0.30 3.71 4.23
9.34 7.67 9.14
2.05 3.11 2.31
8.51 2.94 2.22
9.08 7.84 0.04
7.04 0.05 3.54
9.78 7.09 5.20
6.75 3.27 5.91
8.59 5.62 10.00
7.42 0.83 6.50
8.83 0.44 8.14
8.88 10.00 0.39
2.50 8.40 10.00
1.45 1.96 5.94
4.58 1.35 6.25
1.86 9.71 9.82
4.48 7.52 5.88
9.82 9.38 0.57
5.01 9.81 7.66
6.15 6.11 9.42
7.07 4.19 10.00
1.71 5.77 10.00
5.77 8.39 4.10
0.34 2.92 7.05
1.83 3.02 6.08
4.53 9.05 8.05
7.62 6.92 10.00
9.07 1.50 1.60
6.86 8.15 7.28
6.57 0.13 9.94
7.72 6.34 2.22
5.96 1.15 10.00
8.63 8.66 4.07
1.10 4.30 0.63
6.58 0.74 6.01
6.25 5.42 10.00
1.80 0.75 10.00
4.40 10.00 1.77
9.56 10.00 8.29
1.43 9.65 4.39
2.90 1.48 6.08
9.02 5.30 1.81
6.89 3.40 8.88
1.48 0.43 4.28
9.71 3.02 1.56
3.37 6.23 9.47
7.52 8.25 5.19
9.97 7.38 4.27
0.19 10.00 8.44
1.72 4.62 6.56
1.59 3.10 4.84
3.47 9.86 3.79
5.66 8.77 1.27
5.02 9.15 7.63
10.00 6.79 10.00
1.54 4.85 8.45
8.13 2.37 1.74
0.62 2.32 1.87
10.00 0.07 6.68
9.64 7.49 6.65
7.40 1.70 3.44
0.12 1.25 7.43
6.96 7.59 5.74
1.54 3.80 0.49
6.44 0.17 2.15
10.00 1.51 2.26
5.84 4.61 1.05
7.87 4.94 8.04
3.29 7.87 10.00
3.51 0.92 9.74
4.01 0.16 9.72
0.83 2.06 6.88
9.02 8.81 9.92
0.64 1.32 0.28
0.26 1.33 10.00
1.76 0.71 0.99
6.43 8.54 1.48
10.00 2.53 5.97
9.29 5.65 4.73
0.44 8.35 8.50
4.09 8.55 3.55
6.06 3.53 8.21
0.38 0.86 0.54
9.51 4.88 3.62
8.37 8.27 7.22
9.60 3.80 6.88
6.35 1.19 9.28
7.02 8.40 5.66
10.00 10.00 8.76
7.26 3.09 8.45
5.51 1.16 1.72
6.65 6.57 1.31
10.00 8.87 1.98
10.00 2.72 2.51
1.21 0.91 7.54
4.52 8.27 9.86
5.63 5.38 8.57
5.07 9.81 5.88
8.37 5.73 0.06
7.88 2.23 3.13
3.38 10.00 7.94
9.16 6.38 3.47
0.48 1.87 9.25
2.38 3.67 1.85
6.66 5.78 9.24
6.38 6.05 4.27
6.85 6.87 9.73
6.32 5.09 5.85
0.93 10.00 10.00
8.31 7.18 10.00
9.72 3.29 8.61
8.21 4.34 7.14
5.18 0.17 10.00
8.03 9.93 2.53
4.88 1.19 1.12
6.90 10.00 3.44
8.03 4.56 8.11
1.47 10.00 8.95
8.16 1.65 4.40
10.00 5.07 2.74
1.17 2.62 1.12
7.67 4.86 0.64
2.16 9.43 3.14
1.44 2.39 0.28
4.87 7.97 9.90
6.80 6.07 7.66
0.47 2.79 9.38
7.37 7.64 7.18
3.56 4.67 2.37
4.33 4.41 10.00
3.59 10.00 2.53
7.59 4.85 5.62
5.14 6.79 0.23
7.13 4.52 8.45
5.07 2.13 2.53
4.59 2.93 7.85
10.00 5.40 9.62
6.13 2.14 0.42
5.71 7.70 9.99
6.77 3.22 1.86
7.53 6.92 8.08
7.90 3.02 6.89
4.52 9.09 9.83
5.24 7.43 8.10
10.00 0.96 6.60
7.82 5.45 8.89
5.34 0.22 9.69
2.27 7.86 4.72
9.47 10.00 9.71
0.35 2.15 8.62
1.91 0.88 4.71
1.37 0.59 10.00
8.62 0.36 8.36
3.60 9.07 6.99
4.59 2.28 6.87
0.84 10.00 5.04
3.16 2.53 8.51
9.60 2.37 3.25
0.13 3.21 4.50
5.06 0.64 3.74
7.50 0.80 0.20
1.47 9.21 2.73
9.27 0.60 3.80
2.12 5.89 8.28
0.67 0.03 3.65
6.27 2.53 1.92
9.82 7.07 6.07
4.87 0.35 4.15
4.61 10.00 0.70
1.74 5.34 9.96
5.52 6.52 6.83
4.95 7.29 4.87
7.51 4.29 2.48
10.00 3.31 3.31
5.43 5.05 1.28
7.41 8.84 2.42
3.21 7.95 10.00
8.89 5.66 8.99
8.38 4.83 0.02
5.91 8.96 6.86
4.13 0.24 7.07
3.00 6.93 6.99
3.09 3.77 4.28
2.62 0.37 3.79
2.99 0.76 9.01
6.84 4.01 7.64
10.00 5.01 5.52
9.82 2.99 3.75
9.45 7.52 4.58
7.72 5.03 5.33
4.93 1.53 3.69
7.80 7.29 6.98
6.42 0.29 8.13
2.36 0.13 10.00
2.78 0.41 3.73
8.49 10.00 5.30
3.38 5.71 0.28
0.50 3.82 9.39
5.97 0.55 3.22
1.10 7.69 1.14
9.90 3.18 4.13
9.21 1.26 6.95
4.56 9.91 10.00
7.59 1.78 9.24
4.58 5.63 0.89
8.60 3.49 3.20
9.38 1.52 7.77
9.25 7.78 1.70
8.06 6.90 10.00
0.10 1.18 8.26
9.32 0.25 8.37
3.24 4.54 9.68
7.21 0.20 8.06
7.38 0.68 7.97
1.14 10.00 3.39
8.82 8.48 10.00
3.23 5.06 9.93
7.39 5.65 8.42
1.69 4.94 7.20
6.96 6.13 5.48
1.49 3.41 0.66
7.99 7.30 10.00
8.44 6.11 6.00
10.00 4.48 6.78
6.71 10.00 6.95
7.58 7.65 8.42
3.81 6.35 7.55
10.00 5.07 3.46
3.23 8.63 4.27
5.92 3.93 6.15
0.43 7.54 6.91
8.51 7.22 3.10
4.98 6.12 2.70
10.00 4.32 5.40
0.81 9.46 8.51
6.27 9.64 5.87
2.32 3.97 10.00
7.14 0.94 1.39
4.62 2.26 2.25
0.38 3.84 10.00
1.63 6.70 5.89
8.55 0.13 6.90
0.27 10.00 8.74
1.54 9.86 10.00
0.78 6.98 9.69
5.06 2.25 5.63
5.94 1.94 7.22
0.43 10.00 6.14
10.00 9.16 10.00
5.54 0.18 6.40
0.23 5.75 3.81
3.82 8.84 8.67
7.69 0.88 6.04
7.59 1.91 9.87
9.95 9.14 8.90
1.88 10.00 0.25
10.00 3.51 6.16
10.00 1.71 10.00
