100
2.60 6.79 1.00
7.75 3.23 6.27
2.85 9.53 8.99
0.71 3.26 9.39
8.72 1.26 1.16
9.42 5.22 1.94
9.05 10.00 9.44
7.55 0.25 0.93
5.12 4.06 5.89
2.90 0.77 7.47
10.00 10.00 7.61
10.00 10.00 9.71
8.93 2.94 8.17
1.67 10.00 3.91
9.07 9.08 6.42
3.99 6.12 5.22
0.29 7.07 4.43
4.56 4.40 1.03
10.00 3.08 6.56
6.74 2.28 4.12
10.00 2.25 9.39
10.00 3.04 5.48
9.80 10.00 6.21
1.38 2.39 10.00
3.28 2.85 5.32
1.85 6.52 0.58
7.52 4.73 8.28
8.09 6.64 3.38
0.72 1.79 6.57
1.17 5.55 4.99
4.12 1.32 6.86
4.44 3.45 6.95
9.60 6.18 5.02
2.47 6.73 6.18
5.79 8.55 5.21
6.24 4.01 1.92
3.27 7.44 10.00
1.45 8.95 0.81
5.98 10.00 4.43
6.26 7.41 0.20
1.08 2.04 9.34
0.42 1.96 10.00
7.74 8.53 5.20
3.92 1.98 6.05
0.12 3.07 1.55
9.12 0.37 6.71
1.95 3.26 6.70
10.00 5.28 10.00
4.38 4.01 0.71
3.89 8.29 4.17
7.56 10.00 6.74
8.19 3.97 9.82
8.73 5.92 8.25
7.17 9.10 5.99
10.00 2.58 4.07
1.00 3.13 8.99
7.70 0.86 7.60
9.60 0.91 7.99
9.19 6.22 1.82
8.00 8.32 3.35
7.79 5.48 6.84
5.04 7.84 9.51
3.15 1.65 2.62
9.02 10.00 3.56
2.87 0.56 9.39
1.25 6.89 9.67
5.40 2.80 4.44
10.00 7.35 4.14
2.42 6.18 1.04
3.77 5.78 0.83
5.89 7.36 6.29
4.63 8.29 8.24
0.53 5.16 4.26
5.26 9.73 7.70
10.00 0.94 7.81
8.75 5.50 5.80
5.29 7.63 1.99
5.88 5.34 0.04
0.72 0.62 3.23
5.86 10.00 2.91
1.30 1.42 8.90
0.21 7.32 8.08
6.37 9.97 8.83
1.91 6.61 9.71
0.29 6.75 5.91
0.97 2.68 1.89
10.00 3.68 2.05
8.63 1.17 9.44
0.37 9.34 2.23
6.89 5.18 2.95
5.84 0.46 5.64
5.59 6.97 1.41
3.36 1.04 4.45
5.48 8.99 0.49
5.91 7.61 1.98
9.67 8.92 6.91
8.58 10.00 0.64
6.74 9.24 8.60
9.83 9.71 7.06
4.67 5.11 9.44
