-1 -1 708 638 426 394 -1 -1 222 460 130 -1 -1 162 -1
778 -1 -1 -1 584 -1 904 -1 924 662 -1 -1 654 -1 -1
852 -1 764 -1 534 190 -1 90 976 -1 550 -1 542 -1 -1
202 -1 -1 322 600 -1 -1 -1 800 536 -1 14 980 -1 -1
78 50 -1 842 -1 76 722 632 166 698 -1 406 494 -1 -1
452 -1 888 82 -1 -1 988 -1 -1 788 -1 -1 492 -1 424
830 -1 474 372 680 -1 448 402 -1 304 -1 282 710 -1 -1
312 -1 702 -1 -1 -1 -1 -1 580 748 -1 -1 974 154 -1
-1 984 960 562 -1 330 24 -1 422 -1 -1 -1 -1 506 494
172 -1 -1 -1 -1 -1 -1 466 300 -1 214 -1 -1 878 -1
