-1 342 -1 -1 -1 -1 -1 -1 -1 914 -1 386 66 162 -1 -1 -1 -1 960 -1 -1 -1 -1 372 220 222 448 30 650 558 112 -1 590 816 -1 -1 928 332 -1 170 246 970 -1 2 822 550 -1 362 60 -1 172 -1 -1 -1 -1 -1 -1 388 -1 82 -1 160 372 -1 666 -1 576 -1 620 102 454 556 -1
-1 558 -1 250 272 -1 0 -1 -1 -1 434 -1 510 452 -1 588 -1 -1 -1 -1 -1 832 -1 192 -1 298 812 -1 752 -1 -1 452 -1 -1 392 -1 -1 392 -1 -1 962 338 -1 -1 790 452 -1 -1 986 354 328 580 -1 -1 462 282 642 964 -1 -1 20 -1 226 -1 364 618 -1 -1 -1 -1 -1 352 -1
-1 -1 -1 -1 642 294 344 996 622 -1 -1 656 76 -1 988 40 -1 -1 60 -1 -1 386 198 -1 -1 430 996 -1 -1 -1 1000 862 240 4 -1 882 -1 -1 568 -1 -1 438 -1 566 972 634 606 -1 84 356 510 -1 742 398 366 410 518 -1 -1 -1 -1 -1 -1 18 960 -1 590 -1 -1 -1 -1 990 286
896 -1 948 -1 -1 622 -1 -1 822 64 -1 -1 430 740 428 -1 314 -1 950 -1 -1 658 -1 932 248 -1 742 -1 426 422 -1 -1 -1 -1 -1 518 -1 914 -1 -1 -1 -1 -1 98 -1 872 -1 -1 152 910 376 -1 258 -1 -1 196 782 202 982 898 624 -1 -1 -1 452 -1 -1 -1 -1 -1 626 -1 276
68 890 760 940 850 -1 92 450 -1 -1 708 228 -1 904 -1 -1 -1 598 598 628 196 -1 80 406 -1 -1 -1 300 178 10 -1 938 900 26 -1 750 -1 -1 890 -1 280 -1 -1 -1 190 -1 -1 74 -1 624 -1 -1 202 -1 -1 280 716 932 270 -1 942 -1 522 532 -1 398 972 836 -1 -1 -1 -1 -1
164 388 -1 -1 414 -1 718 728 494 -1 930 -1 738 900 -1 360 170 648 992 -1 860 -1 -1 948 494 486 4 354 -1 722 -1 382 -1 528 -1 214 630 -1 632 -1 112 -1 -1 850 -1 534 900 -1 872 892 98 -1 414 -1 678 -1 -1 -1 -1 452 -1 144 524 -1 672 -1 -1 -1 -1 120 -1 92 372
586 632 -1 810 532 224 -1 -1 322 792 -1 762 -1 -1 -1 222 78 138 -1 222 -1 592 894 246 772 886 226 892 0 318 -1 276 950 166 776 -1 390 146 594 -1 938 -1 164 -1 246 -1 -1 324 -1 16 546 -1 608 130 -1 -1 706 -1 962 706 -1 -1 672 -1 -1 -1 632 -1 -1 -1 254 -1 -1
418 -1 -1 -1 706 608 328 722 844 -1 20 664 -1 -1 -1 520 50 -1 -1 656 436 182 -1 -1 504 588 856 420 -1 766 -1 -1 -1 -1 600 168 -1 618 -1 262 -1 -1 -1 684 690 -1 204 -1 60 926 86 186 798 -1 760 992 -1 -1 412 -1 -1 -1 -1 844 680 254 702 408 872 592 -1 538 192
-1 -1 -1 582 116 -1 332 732 -1 -1 -1 292 -1 210 -1 -1 622 -1 654 872 -1 -1 -1 -1 890 960 256 -1 320 484 364 -1 396 -1 188 202 940 -1 624 28 730 -1 10 698 -1 -1 -1 -1 -1 -1 236 -1 812 478 394 -1 -1 340 -1 -1 -1 -1 -1 220 -1 -1 -1 492 452 -1 210 872 580
220 -1 -1 -1 230 688 -1 -1 -1 652 46 -1 46 438 910 386 0 356 -1 -1 -1 812 -1 340 -1 -1 -1 -1 -1 354 -1 -1 304 -1 854 224 632 496 -1 -1 148 -1 -1 -1 252 628 -1 -1 674 862 -1 -1 -1 418 112 -1 -1 -1 948 710 640 -1 -1 634 822 -1 858 -1 -1 316 770 -1 -1
488 -1 764 806 594 706 -1 -1 -1 -1 508 -1 54 -1 -1 -1 742 542 -1 310 -1 302 -1 208 -1 656 -1 -1 426 558 -1 914 -1 750 410 164 -1 -1 -1 410 -1 -1 474 -1 -1 306 914 -1 538 -1 -1 -1 -1 556 -1 -1 212 348 900 638 906 576 -1 786 -1 -1 -1 -1 -1 950 -1 -1 -1
44 -1 758 40 -1 -1 -1 -1 -1 910 -1 90 -1 -1 302 -1 100 630 392 -1 562 -1 692 212 818 162 -1 458 424 -1 -1 158 278 672 890 898 -1 468 98 698 -1 -1 788 206 -1 -1 -1 -1 410 84 -1 662 -1 234 -1 460 -1 -1 918 -1 -1 832 -1 -1 194 -1 516 -1 406 -1 54 164 -1
532 60 946 2 754 812 -1 838 44 -1 790 -1 -1 -1 746 -1 858 -1 -1 380 -1 986 574 -1 502 -1 -1 -1 -1 886 986 -1 946 -1 900 -1 432 2 -1 166 -1 -1 -1 96 -1 -1 -1 -1 828 870 -1 514 -1 148 448 46 -1 -1 -1 -1 54 -1 -1 0 -1 -1 -1 272 -1 616 438 78 -1
-1 -1 970 144 -1 164 662 -1 -1 866 -1 -1 -1 518 -1 -1 60 788 -1 -1 508 918 -1 126 -1 -1 438 -1 -1 206 626 -1 -1 286 -1 818 450 278 434 -1 -1 -1 766 146 112 -1 -1 864 -1 -1 142 96 154 -1 914 -1 652 -1 -1 -1 938 80 954 698 366 570 -1 -1 538 -1 386 -1 -1
-1 -1 346 262 -1 -1 542 764 -1 638 608 -1 -1 450 264 -1 -1 -1 910 -1 78 -1 -1 648 502 548 -1 140 934 556 374 84 -1 410 -1 600 -1 -1 -1 350 -1 -1 -1 -1 110 918 -1 14 42 -1 690 -1 708 -1 -1 210 278 -1 40 -1 -1 104 986 964 204 -1 -1 -1 982 306 864 -1 968
516 -1 768 -1 -1 -1 166 638 162 -1 346 -1 746 246 -1 80 -1 762 972 -1 -1 -1 -1 150 -1 -1 -1 -1 42 710 532 558 126 -1 682 44 -1 848 682 -1 -1 718 898 260 654 448 -1 -1 900 2 712 336 -1 -1 486 576 -1 618 -1 908 -1 -1 466 144 -1 838 188 816 -1 870 130 890 278
718 -1 932 856 180 562 -1 -1 964 -1 -1 -1 -1 456 516 -1 -1 114 -1 270 270 -1 -1 -1 -1 -1 172 484 -1 752 762 668 -1 384 -1 772 636 278 644 600 -1 214 -1 326 -1 146 902 -1 260 804 -1 530 540 -1 -1 154 980 -1 638 238 -1 90 906 532 474 -1 -1 -1 -1 -1 -1 146 852
-1 162 522 176 -1 -1 126 -1 -1 -1 -1 -1 674 -1 536 554 -1 464 494 -1 60 716 -1 -1 18 322 -1 346 722 -1 -1 -1 -1 -1 -1 -1 578 744 -1 284 90 -1 -1 454 -1 -1 -1 642 912 192 0 972 908 -1 -1 -1 536 -1 -1 948 -1 540 388 924 -1 -1 632 216 -1 588 -1 -1 330
722 -1 -1 -1 -1 -1 80 -1 -1 742 160 -1 582 -1 -1 68 -1 112 -1 -1 500 -1 -1 -1 -1 514 634 -1 -1 -1 -1 116 526 -1 -1 -1 628 -1 -1 664 106 -1 -1 378 -1 768 136 896 880 -1 -1 -1 -1 542 -1 798 746 -1 358 450 752 248 -1 968 -1 852 864 850 908 12 -1 -1 -1
806 82 788 -1 218 374 142 82 -1 -1 -1 -1 786 394 -1 -1 752 46 126 690 -1 -1 -1 -1 -1 760 -1 -1 -1 766 670 458 538 458 -1 -1 832 -1 -1 140 74 -1 -1 550 -1 -1 -1 -1 324 50 340 -1 834 250 472 790 -1 224 138 -1 -1 -1 812 218 -1 222 -1 478 776 884 618 850 -1
298 -1 908 886 14 558 900 64 588 526 -1 -1 -1 68 -1 -1 -1 892 -1 -1 -1 192 972 616 -1 -1 -1 -1 -1 -1 -1 54 -1 728 630 -1 976 -1 -1 564 746 -1 402 434 -1 -1 36 342 522 10 -1 916 202 18 -1 58 -1 612 -1 914 232 1000 -1 -1 -1 288 976 702 508 454 -1 944 -1
-1 -1 966 988 794 308 200 804 -1 806 -1 64 26 -1 -1 328 934 826 560 -1 174 -1 -1 152 476 -1 660 930 6 -1 450 54 360 106 732 154 414 932 958 -1 -1 654 -1 -1 408 -1 -1 -1 260 30 -1 124 532 -1 276 -1 364 -1 628 -1 920 -1 -1 -1 -1 -1 -1 -1 -1 462 -1 586 -1
960 730 -1 394 200 -1 344 -1 -1 468 -1 832 -1 460 196 -1 778 948 -1 856 62 -1 -1 -1 -1 -1 758 918 -1 34 32 102 764 246 -1 964 110 -1 -1 -1 1000 -1 460 124 488 346 -1 -1 984 856 120 -1 -1 540 -1 642 246 -1 -1 -1 -1 282 -1 270 528 678 -1 328 900 -1 -1 -1 -1
-1 -1 324 834 898 -1 -1 -1 400 -1 940 940 578 272 876 50 -1 -1 558 -1 -1 828 -1 814 752 -1 -1 -1 -1 992 -1 -1 704 -1 386 -1 690 202 -1 -1 -1 674 -1 22 946 594 -1 466 238 -1 960 374 148 670 878 -1 -1 280 532 464 -1 -1 16 -1 720 402 -1 -1 -1 308 -1 740 982
908 -1 -1 192 526 -1 430 -1 42 494 -1 402 -1 -1 -1 -1 -1 646 922 -1 662 896 -1 64 160 -1 -1 -1 504 98 140 -1 -1 758 -1 -1 -1 414 -1 -1 908 298 -1 970 -1 156 620 -1 802 542 566 -1 -1 782 908 -1 96 266 -1 600 -1 968 -1 296 -1 -1 754 -1 -1 366 -1 386 354
-1 -1 308 -1 976 68 450 -1 324 -1 24 796 -1 2 892 -1 830 -1 212 798 -1 -1 212 -1 -1 778 -1 318 -1 -1 -1 -1 -1 -1 -1 142 -1 -1 -1 -1 108 -1 -1 -1 66 130 776 586 312 -1 -1 -1 878 286 -1 830 754 -1 838 358 998 -1 456 164 -1 -1 306 370 16 -1 814 -1 -1
-1 -1 -1 -1 -1 -1 -1 958 -1 -1 -1 -1 590 354 554 466 -1 602 154 -1 -1 318 -1 -1 -1 -1 -1 660 278 -1 -1 20 -1 924 274 -1 -1 148 -1 880 288 664 370 878 -1 614 34 -1 -1 -1 744 964 196 148 532 -1 924 -1 862 -1 276 620 -1 178 234 186 -1 -1 24 -1 168 312 -1
538 190 942 -1 -1 222 56 -1 966 -1 -1 114 -1 -1 728 738 432 -1 -1 -1 -1 882 976 26 932 574 -1 810 432 -1 42 970 -1 984 -1 848 896 868 640 552 -1 -1 356 128 890 -1 866 -1 -1 880 62 -1 -1 38 -1 382 302 310 -1 -1 364 -1 394 -1 -1 -1 836 494 72 -1 -1 -1 174
-1 -1 -1 484 -1 74 186 -1 -1 -1 -1 866 988 426 -1 -1 308 592 42 232 -1 -1 -1 882 -1 -1 954 30 60 292 204 462 760 -1 636 -1 32 822 -1 860 240 418 -1 228 844 -1 -1 842 -1 -1 74 -1 668 -1 422 -1 610 -1 -1 -1 358 -1 -1 808 -1 148 590 -1 -1 -1 378 -1 72
794 -1 -1 66 -1 448 -1 -1 212 162 722 808 584 254 -1 650 -1 158 698 654 -1 -1 450 510 -1 278 170 -1 656 -1 -1 -1 580 -1 896 -1 566 -1 48 468 -1 770 -1 -1 714 -1 292 -1 922 990 254 -1 494 704 -1 278 982 -1 -1 328 -1 -1 -1 -1 726 -1 678 982 260 726 450 -1 -1
-1 -1 -1 488 564 -1 100 -1 62 -1 738 -1 -1 -1 438 -1 -1 456 240 -1 614 -1 -1 -1 -1 -1 -1 326 188 -1 -1 -1 516 -1 782 -1 -1 882 -1 970 264 60 426 -1 766 -1 266 188 10 506 -1 314 -1 -1 -1 -1 -1 -1 -1 -1 532 866 886 -1 -1 -1 508 872 -1 -1 842 192 -1
958 -1 -1 512 -1 -1 -1 784 -1 -1 212 802 198 -1 -1 -1 -1 -1 -1 844 -1 446 808 -1 954 370 -1 -1 -1 924 -1 168 -1 402 -1 212 318 584 996 -1 110 898 -1 -1 830 -1 484 808 710 -1 -1 154 -1 -1 -1 590 208 688 64 -1 -1 -1 278 -1 212 -1 -1 220 -1 442 -1 -1 30
-1 722 860 838 -1 -1 -1 86 698 392 -1 -1 348 -1 -1 -1 758 -1 336 568 -1 572 470 -1 -1 -1 774 -1 -1 496 872 -1 908 -1 -1 -1 -1 126 -1 166 518 -1 -1 866 -1 138 902 442 -1 928 700 -1 -1 860 46 -1 240 820 740 -1 -1 -1 -1 914 722 924 406 500 -1 -1 -1 -1 286
-1 -1 -1 888 -1 102 260 332 492 -1 522 352 -1 110 282 10 540 266 -1 -1 -1 310 562 916 716 -1 -1 -1 800 -1 988 -1 726 648 -1 440 -1 -1 772 242 -1 984 284 -1 784 -1 44 -1 -1 -1 854 -1 60 106 430 776 -1 -1 -1 348 -1 154 -1 412 802 -1 542 242 -1 4 -1 -1 678
-1 286 462 -1 330 -1 -1 80 -1 754 140 -1 -1 -1 674 958 -1 712 -1 928 298 -1 -1 322 980 972 -1 674 146 986 -1 -1 -1 -1 -1 602 288 560 372 -1 -1 -1 122 186 810 486 834 -1 -1 168 820 -1 296 238 -1 -1 900 -1 -1 -1 224 -1 -1 186 -1 352 788 -1 602 850 778 -1 52
900 -1 862 -1 314 444 272 -1 954 -1 -1 192 274 744 782 -1 382 518 428 -1 -1 614 -1 -1 -1 644 192 -1 -1 -1 994 320 968 -1 -1 -1 990 -1 454 -1 124 -1 -1 88 356 -1 -1 428 124 -1 490 -1 22 -1 -1 804 998 -1 -1 418 942 428 -1 -1 -1 824 -1 652 -1 334 -1 -1 -1
-1 -1 994 716 684 -1 530 -1 -1 202 -1 264 -1 920 952 610 354 -1 -1 472 798 -1 134 312 -1 -1 -1 -1 762 -1 -1 -1 190 -1 968 874 104 -1 -1 14 390 82 -1 -1 692 610 -1 -1 980 396 -1 -1 546 -1 -1 -1 508 -1 938 -1 68 -1 -1 258 930 488 132 -1 -1 98 738 64 -1
-1 610 562 6 -1 -1 676 -1 504 -1 396 846 612 -1 -1 884 908 -1 952 -1 524 210 464 -1 32 -1 686 130 -1 -1 -1 702 50 -1 -1 -1 -1 74 -1 364 908 752 900 520 412 634 -1 320 -1 44 -1 160 -1 8 862 -1 886 -1 798 500 678 -1 202 728 742 -1 -1 292 -1 -1 -1 -1 410
246 -1 822 880 886 -1 516 620 686 366 -1 384 -1 922 -1 -1 -1 770 142 898 662 -1 640 262 -1 622 -1 -1 -1 900 -1 -1 382 -1 -1 958 204 992 578 -1 -1 -1 274 -1 444 234 430 854 694 262 -1 -1 -1 -1 -1 -1 -1 934 -1 -1 524 -1 266 906 752 742 864 956 -1 -1 536 470 654
-1 -1 788 -1 -1 -1 428 -1 -1 -1 640 -1 780 326 936 -1 464 988 -1 -1 -1 -1 594 -1 76 -1 -1 -1 776 888 -1 276 322 28 10 -1 360 128 4 -1 -1 334 -1 380 -1 992 -1 124 -1 400 -1 922 -1 250 -1 -1 -1 -1 586 264 -1 136 230 924 -1 240 -1 -1 368 -1 -1 -1 -1
-1 38 -1 464 512 -1 132 602 650 744 214 900 40 -1 -1 -1 488 -1 -1 314 264 -1 -1 194 -1 764 -1 -1 180 912 -1 -1 -1 962 116 152 956 -1 754 -1 -1 658 -1 -1 560 274 -1 738 998 -1 742 952 -1 290 146 -1 -1 -1 904 234 0 376 -1 -1 338 694 -1 -1 632 -1 588 -1 584
-1 108 834 -1 966 -1 -1 178 -1 386 360 984 222 0 36 -1 904 -1 2 280 538 -1 308 -1 -1 -1 -1 -1 -1 248 -1 352 46 -1 -1 -1 -1 -1 190 -1 610 240 168 522 240 896 834 -1 546 836 -1 -1 168 -1 4 -1 402 558 108 972 806 816 -1 852 46 802 -1 -1 716 -1 -1 -1 -1
-1 -1 -1 478 60 -1 -1 896 550 798 -1 662 -1 -1 754 50 918 -1 546 -1 428 -1 470 -1 640 8 636 -1 -1 -1 746 6 878 -1 174 -1 -1 -1 524 -1 -1 278 -1 870 88 -1 610 -1 856 846 -1 -1 -1 -1 -1 262 -1 220 -1 330 -1 462 26 438 -1 -1 376 596 780 -1 240 -1 -1
-1 406 -1 678 -1 -1 -1 -1 -1 -1 -1 -1 -1 -1 886 -1 -1 906 872 -1 622 310 -1 -1 686 -1 292 276 -1 -1 -1 566 234 -1 -1 940 -1 -1 490 144 664 -1 -1 446 -1 -1 -1 248 -1 -1 -1 -1 -1 354 740 -1 62 722 972 702 240 116 -1 474 -1 -1 -1 972 358 -1 806 -1 -1
930 -1 42 -1 -1 982 924 924 532 150 242 -1 580 -1 -1 992 598 30 -1 404 -1 -1 622 -1 498 -1 -1 -1 88 258 726 708 416 -1 336 330 750 260 944 972 100 876 548 -1 502 -1 672 100 908 594 504 896 -1 816 84 -1 98 -1 648 878 270 374 -1 686 142 612 706 582 872 -1 -1 662 524
482 342 -1 -1 -1 816 266 -1 320 162 -1 826 -1 844 -1 258 492 492 528 556 -1 904 388 68 -1 660 630 948 -1 292 -1 384 324 186 -1 -1 2 -1 -1 12 -1 374 528 798 908 142 -1 -1 324 -1 -1 782 176 -1 850 -1 382 480 422 -1 772 -1 -1 786 770 -1 -1 462 802 -1 164 -1 -1
692 460 874 -1 206 -1 -1 -1 298 630 346 20 480 -1 -1 650 934 378 -1 206 -1 -1 666 -1 -1 -1 20 -1 982 -1 268 674 524 -1 198 730 -1 -1 -1 92 -1 -1 -1 -1 446 896 186 -1 964 -1 -1 -1 884 942 610 -1 -1 -1 278 -1 384 546 104 908 688 -1 -1 482 -1 226 264 -1 -1
66 322 296 -1 198 -1 616 -1 -1 6 -1 -1 -1 44 -1 318 322 842 702 868 636 610 -1 628 -1 -1 -1 162 -1 142 704 748 -1 1000 400 -1 746 -1 -1 -1 -1 608 -1 -1 652 520 -1 664 362 -1 -1 688 338 -1 316 966 884 -1 818 -1 -1 -1 2 660 -1 92 704 -1 798 242 -1 510 850
832 -1 -1 -1 246 -1 -1 976 766 782 -1 232 -1 -1 -1 460 -1 -1 -1 -1 -1 -1 518 -1 -1 164 -1 -1 -1 -1 180 98 372 -1 140 -1 606 -1 -1 -1 14 978 294 -1 -1 100 -1 -1 -1 -1 420 224 302 -1 -1 -1 -1 -1 -1 60 174 -1 158 -1 272 298 546 568 532 210 -1 546 -1
-1 348 824 22 -1 -1 874 596 -1 -1 898 366 166 288 -1 -1 -1 -1 52 220 758 980 182 -1 -1 750 -1 -1 -1 514 -1 -1 552 126 324 -1 754 -1 -1 -1 986 34 -1 842 -1 -1 720 22 304 -1 -1 -1 442 -1 -1 658 866 -1 82 244 288 -1 -1 840 202 -1 380 956 -1 -1 446 122 552
302 964 -1 -1 374 -1 0 -1 210 752 278 326 -1 936 -1 -1 -1 -1 -1 -1 360 150 -1 610 220 -1 -1 738 386 -1 980 378 212 234 -1 586 -1 -1 422 722 828 -1 -1 76 326 -1 -1 34 744 410 -1 -1 560 -1 -1 780 -1 -1 -1 130 398 186 -1 -1 420 274 196 932 -1 -1 -1 -1 -1
80 -1 -1 -1 -1 -1 442 -1 -1 -1 -1 372 -1 -1 116 478 378 938 -1 -1 136 -1 -1 410 -1 296 -1 682 -1 6 -1 -1 -1 -1 -1 -1 -1 -1 512 416 -1 904 478 -1 74 -1 -1 142 222 -1 -1 358 644 -1 458 -1 58 -1 -1 388 -1 -1 -1 242 -1 -1 -1 24 -1 124 130 618 -1
608 -1 792 -1 322 -1 114 -1 712 162 -1 474 620 -1 -1 -1 -1 -1 -1 680 -1 -1 -1 692 674 -1 526 -1 -1 -1 206 690 -1 -1 582 -1 -1 -1 -1 -1 -1 -1 -1 860 -1 102 76 -1 -1 896 288 810 -1 526 502 -1 -1 -1 -1 178 -1 326 558 -1 14 -1 -1 -1 216 -1 732 456 926
-1 -1 -1 -1 -1 614 -1 286 592 926 -1 -1 -1 -1 -1 144 684 -1 -1 700 330 120 714 -1 -1 -1 66 -1 -1 522 -1 454 -1 800 -1 608 -1 282 584 4 -1 828 -1 14 82 -1 -1 766 -1 544 156 -1 354 560 358 -1 982 424 34 -1 946 -1 278 162 318 -1 770 -1 418 354 -1 -1 872
928 330 954 334 178 -1 -1 412 -1 712 766 -1 -1 932 106 184 656 -1 -1 174 -1 -1 182 -1 -1 -1 142 106 408 -1 978 336 -1 -1 670 346 -1 -1 758 -1 -1 524 410 -1 -1 206 220 -1 -1 40 -1 -1 -1 -1 -1 -1 -1 972 -1 -1 -1 -1 -1 286 -1 -1 632 -1 116 80 864 -1 294
-1 -1 -1 -1 -1 930 996 -1 594 410 -1 130 550 -1 960 -1 506 506 330 -1 770 -1 674 12 -1 -1 -1 18 496 -1 2 -1 946 -1 628 592 60 -1 278 344 -1 368 474 -1 -1 -1 484 428 320 -1 -1 -1 -1 918 -1 -1 550 610 78 -1 -1 80 -1 -1 212 824 -1 272 136 -1 -1 860 -1
-1 132 996 -1 -1 -1 224 -1 -1 -1 552 584 104 -1 824 404 -1 560 222 770 756 -1 982 -1 104 944 -1 810 560 956 -1 -1 778 878 626 84 -1 540 -1 -1 -1 -1 -1 -1 58 -1 -1 -1 4 -1 516 760 20 -1 -1 124 -1 -1 934 -1 460 506 102 -1 -1 728 322 -1 -1 -1 -1 500 -1
-1 -1 32 476 -1 -1 -1 230 986 -1 -1 -1 650 -1 994 154 378 -1 614 884 -1 -1 -1 896 -1 -1 -1 80 120 -1 54 -1 -1 -1 318 -1 -1 -1 -1 -1 420 -1 784 760 -1 -1 604 -1 532 908 22 700 758 -1 -1 -1 688 -1 -1 -1 490 -1 -1 370 602 -1 -1 -1 -1 894 458 258 -1
932 708 972 398 -1 110 -1 -1 -1 10 356 -1 -1 -1 488 122 748 -1 -1 -1 -1 -1 484 -1 -1 -1 -1 -1 -1 -1 -1 100 170 644 188 -1 444 -1 -1 266 -1 -1 -1 494 102 244 -1 850 -1 610 -1 558 -1 -1 234 852 308 58 624 -1 -1 296 -1 -1 630 456 862 764 -1 -1 720 154 376
476 338 168 410 -1 708 -1 254 -1 580 -1 418 814 768 726 -1 -1 -1 -1 -1 470 -1 6 616 636 770 -1 -1 -1 -1 -1 -1 -1 -1 -1 398 208 396 342 -1 976 -1 -1 480 -1 -1 42 -1 756 -1 -1 -1 900 182 532 536 642 -1 -1 822 -1 -1 476 -1 636 -1 -1 534 628 80 -1 -1 -1
700 -1 -1 -1 -1 -1 8 -1 410 -1 530 282 -1 756 -1 940 248 436 838 -1 912 488 18 -1 226 -1 -1 -1 806 754 -1 196 -1 -1 -1 -1 388 -1 662 488 72 -1 -1 -1 638 -1 -1 -1 -1 686 960 422 -1 -1 -1 -1 -1 716 -1 26 160 -1 -1 -1 26 -1 98 414 -1 -1 592 -1 -1
52 180 -1 -1 28 -1 948 -1 -1 60 578 866 -1 358 86 722 -1 -1 572 -1 716 -1 -1 -1 -1 -1 966 -1 -1 236 520 472 106 -1 -1 -1 418 -1 540 -1 -1 808 170 302 856 256 714 680 750 976 -1 -1 924 720 922 -1 -1 888 848 -1 814 58 438 -1 930 36 436 -1 -1 666 -1 570 -1
-1 -1 -1 460 -1 -1 -1 -1 386 54 866 796 976 216 -1 -1 -1 1000 -1 -1 -1 358 432 -1 794 -1 -1 -1 812 6 622 -1 -1 -1 -1 536 340 374 478 416 428 -1 902 -1 250 -1 -1 -1 934 394 -1 60 442 -1 534 -1 -1 -1 694 600 -1 -1 -1 546 -1 780 772 -1 -1 -1 92 -1 282
994 364 222 -1 -1 -1 242 -1 804 -1 226 122 -1 -1 220 -1 -1 510 -1 -1 124 -1 -1 904 170 864 -1 -1 956 -1 82 -1 -1 304 -1 -1 602 500 -1 -1 -1 164 528 -1 -1 438 516 160 948 -1 -1 762 78 888 -1 248 -1 -1 358 396 -1 440 34 880 434 292 652 -1 792 900 -1 284 754
-1 -1 68 -1 -1 -1 114 -1 -1 876 -1 196 -1 204 -1 -1 252 -1 830 382 758 -1 506 -1 -1 232 -1 -1 -1 -1 394 402 -1 462 -1 626 -1 -1 -1 690 558 78 -1 478 282 904 -1 224 -1 18 606 74 -1 -1 814 158 -1 344 -1 396 -1 -1 798 656 -1 366 -1 106 358 -1 486 916 -1
-1 -1 -1 -1 582 -1 664 290 -1 738 398 -1 -1 246 498 -1 736 -1 -1 308 382 -1 -1 -1 -1 830 -1 -1 6 -1 -1 -1 796 848 796 68 596 -1 48 258 196 446 -1 -1 -1 912 -1 118 496 144 116 878 -1 150 316 672 670 804 -1 676 206 -1 -1 692 -1 -1 760 352 380 -1 -1 266 -1
714 704 -1 -1 -1 -1 120 560 252 -1 482 92 4 154 762 808 -1 128 -1 888 -1 706 644 864 -1 -1 -1 654 -1 200 -1 10 904 306 326 318 442 446 878 384 134 50 166 830 204 928 -1 -1 -1 -1 140 -1 -1 474 -1 582 470 796 236 -1 996 -1 158 -1 -1 484 908 -1 930 -1 36 -1 -1
202 584 -1 -1 -1 672 566 942 812 -1 678 286 -1 -1 446 222 186 904 -1 -1 752 -1 612 -1 94 -1 -1 570 -1 -1 -1 194 -1 204 14 484 876 580 -1 378 -1 794 664 -1 744 -1 174 620 -1 82 20 144 -1 632 -1 364 -1 -1 934 -1 -1 718 -1 106 612 -1 590 178 56 14 556 892 498
-1 -1 -1 18 -1 -1 412 -1 -1 556 -1 894 626 112 480 240 736 58 -1 -1 -1 -1 756 -1 -1 934 54 554 -1 636 -1 398 478 984 106 -1 844 208 664 -1 -1 102 -1 80 214 168 320 950 -1 -1 -1 748 42 -1 -1 -1 782 800 134 -1 -1 -1 358 -1 860 154 788 -1 -1 142 498 818 244
186 588 -1 -1 598 98 272 70 -1 -1 -1 730 -1 74 -1 564 -1 -1 -1 -1 -1 292 324 364 770 408 -1 912 596 -1 -1 -1 202 996 828 800 784 -1 560 666 -1 -1 -1 574 818 -1 828 716 448 -1 -1 658 -1 -1 712 578 -1 -1 180 890 -1 26 362 -1 712 -1 434 -1 -1 684 -1 -1 -1
-1 50 244 -1 -1 -1 -1 -1 522 18 894 -1 420 -1 -1 238 -1 280 -1 -1 332 -1 -1 -1 48 -1 -1 -1 -1 666 850 -1 -1 -1 344 -1 -1 706 370 -1 414 -1 -1 -1 424 444 -1 766 414 434 -1 746 48 592 -1 788 236 836 210 -1 502 750 -1 218 534 196 -1 -1 592 -1 -1 6 826
-1 -1 940 -1 -1 -1 598 -1 528 -1 466 810 -1 -1 -1 516 -1 466 -1 -1 8 926 -1 -1 118 -1 -1 -1 -1 -1 196 140 -1 136 -1 -1 -1 -1 424 -1 -1 890 558 706 -1 -1 -1 676 450 930 -1 458 -1 706 -1 664 -1 -1 34 272 -1 -1 412 -1 -1 116 54 588 -1 168 -1 752 58
-1 -1 -1 -1 -1 -1 18 298 526 476 -1 922 830 196 102 670 922 -1 -1 -1 -1 740 900 -1 484 -1 10 -1 204 452 -1 790 910 672 48 -1 -1 66 -1 -1 232 -1 756 -1 376 -1 -1 -1 924 -1 -1 400 234 -1 994 -1 596 694 -1 -1 -1 152 280 54 824 328 -1 -1 84 -1 968 316 158
724 68 534 272 -1 -1 -1 984 350 -1 218 -1 278 -1 364 972 688 -1 808 840 -1 862 -1 -1 -1 486 -1 934 454 -1 -1 868 -1 -1 830 180 836 24 164 -1 1000 72 954 278 -1 8 940 76 -1 -1 606 688 -1 -1 530 564 -1 -1 -1 -1 80 -1 456 -1 284 976 952 120 1000 806 996 -1 878
950 -1 266 958 -1 342 510 -1 948 888 22 -1 108 276 -1 -1 464 320 -1 -1 466 106 -1 -1 -1 -1 130 864 -1 -1 -1 472 476 698 -1 -1 730 -1 796 368 -1 -1 -1 -1 -1 -1 570 -1 -1 -1 -1 -1 -1 -1 922 448 996 -1 -1 518 870 -1 680 -1 -1 -1 798 240 118 284 608 -1 -1
572 330 958 -1 590 -1 282 -1 648 -1 -1 116 374 -1 112 -1 -1 630 676 218 310 -1 -1 -1 -1 -1 -1 -1 958 312 -1 -1 642 -1 -1 922 -1 -1 796 848 -1 60 964 -1 464 766 -1 -1 86 148 -1 86 -1 -1 -1 -1 854 182 540 -1 184 -1 30 -1 428 -1 438 -1 666 234 474 268 -1
438 936 448 894 408 -1 980 556 -1 756 104 668 -1 -1 522 -1 392 332 -1 588 362 904 706 -1 342 332 926 266 -1 884 -1 -1 -1 -1 518 -1 776 188 472 -1 944 -1 -1 274 -1 128 -1 -1 -1 -1 -1 -1 148 494 -1 180 -1 388 446 -1 -1 -1 948 -1 466 -1 -1 -1 -1 860 180 -1 126
788 -1 -1 606 -1 756 -1 664 -1 -1 502 -1 -1 -1 936 -1 -1 -1 152 -1 586 -1 -1 742 320 -1 84 870 -1 -1 996 -1 -1 240 -1 422 686 694 776 -1 34 -1 30 -1 960 966 28 -1 -1 -1 674 190 804 726 622 -1 18 -1 -1 872 768 678 -1 -1 608 450 192 294 -1 968 -1 178 936
-1 -1 -1 -1 44 -1 886 -1 728 -1 28 -1 388 -1 -1 -1 -1 32 242 894 -1 -1 -1 -1 -1 -1 -1 864 80 -1 -1 -1 402 -1 986 446 -1 -1 -1 164 -1 80 -1 24 -1 158 -1 828 190 50 -1 426 -1 -1 110 960 -1 -1 -1 -1 -1 -1 -1 728 384 548 864 -1 -1 -1 -1 -1 996
672 770 608 830 268 -1 -1 8 -1 136 72 -1 246 722 536 876 234 394 200 -1 -1 618 -1 194 482 130 -1 -1 -1 358 392 -1 818 1000 -1 -1 124 -1 94 -1 -1 -1 -1 780 268 336 -1 502 420 -1 -1 66 854 736 260 -1 866 564 732 -1 612 -1 838 120 -1 524 -1 -1 -1 990 288 764 846
-1 -1 804 -1 268 996 -1 504 422 -1 -1 158 550 382 -1 804 -1 384 -1 -1 912 -1 -1 436 -1 -1 -1 110 -1 -1 -1 -1 -1 450 -1 2 446 -1 506 558 986 -1 716 -1 -1 430 28 738 814 134 354 416 -1 92 542 170 148 -1 -1 -1 -1 618 -1 824 -1 -1 -1 -1 782 -1 762 -1 266
-1 -1 -1 -1 -1 -1 -1 -1 -1 -1 -1 766 -1 -1 914 -1 -1 404 426 -1 946 -1 -1 340 -1 614 812 -1 -1 268 -1 -1 -1 16 830 662 -1 -1 196 -1 -1 -1 -1 576 536 66 -1 -1 -1 -1 -1 416 660 -1 446 -1 -1 948 666 -1 -1 792 308 166 498 -1 518 -1 -1 714 530 586 -1
684 162 -1 750 -1 982 -1 484 586 326 -1 -1 462 640 -1 -1 306 686 -1 -1 994 -1 -1 -1 -1 808 -1 402 -1 856 -1 -1 -1 -1 -1 782 -1 -1 -1 -1 78 790 -1 230 430 -1 330 736 -1 -1 -1 216 816 808 36 194 -1 306 596 332 -1 -1 734 -1 490 -1 340 -1 636 296 34 404 86
-1 -1 206 738 -1 942 -1 990 154 176 -1 652 -1 -1 -1 208 284 -1 -1 -1 712 618 648 286 -1 -1 -1 -1 -1 -1 -1 -1 -1 -1 -1 686 558 -1 -1 712 -1 -1 -1 578 858 -1 476 142 -1 226 990 390 844 -1 -1 802 134 670 -1 -1 376 -1 -1 408 84 -1 -1 642 124 -1 44 -1 938
-1 66 486 798 -1 318 476 -1 -1 866 302 -1 -1 104 -1 282 -1 -1 -1 698 -1 -1 782 -1 850 114 -1 308 -1 828 -1 946 -1 422 -1 -1 430 218 586 -1 -1 888 -1 -1 682 830 670 222 -1 18 -1 162 -1 82 -1 314 -1 716 -1 -1 234 -1 -1 -1 -1 -1 946 -1 22 -1 -1 -1 -1
-1 874 -1 418 -1 -1 -1 -1 -1 534 -1 -1 -1 30 -1 -1 -1 398 -1 282 -1 750 -1 882 -1 -1 904 606 340 390 404 -1 264 -1 -1 -1 -1 98 -1 662 322 464 438 924 494 -1 -1 -1 -1 862 -1 958 -1 -1 -1 996 264 -1 -1 -1 -1 -1 -1 86 270 -1 584 238 -1 22 900 -1 486
338 -1 -1 -1 -1 -1 318 466 6 -1 76 -1 -1 762 102 546 52 -1 -1 748 620 -1 -1 -1 -1 946 310 -1 -1 -1 618 -1 356 288 -1 -1 -1 -1 -1 -1 284 -1 -1 88 646 -1 634 698 518 -1 -1 828 -1 152 -1 948 788 -1 -1 -1 150 6 -1 196 294 888 156 -1 -1 -1 -1 -1 -1
360 960 -1 -1 -1 500 -1 -1 636 -1 -1 478 676 452 266 454 -1 -1 604 -1 474 490 -1 -1 -1 -1 -1 610 -1 820 -1 -1 -1 -1 552 -1 -1 -1 -1 -1 -1 542 -1 192 -1 138 -1 -1 -1 -1 62 892 -1 -1 -1 768 -1 -1 -1 284 400 144 -1 178 -1 -1 240 472 -1 968 -1 44 510
430 -1 194 258 -1 -1 676 -1 -1 -1 -1 -1 890 -1 388 -1 540 -1 180 374 -1 -1 778 -1 980 940 -1 -1 -1 886 146 -1 -1 30 184 766 440 860 350 -1 -1 -1 416 -1 218 -1 -1 -1 -1 -1 132 194 86 600 -1 -1 540 -1 12 36 856 158 -1 358 -1 146 -1 -1 6 -1 300 -1 -1
