671
291
488
378
65
489
471
289
887
648
438
350
305
400
983
936
792
836
998
523
466
735
323
601
258
9
88
581
549
408
243
221
699
83
951
116
572
422
405
811
422
196
161
727
596
144
15
388
332
13
263
798
100
586
752
359
948
192
292
497
600
887
70
651
971
22
767
895
796
173
707
219
369
868
298
317
365
666
58
49
679
321
200
780
260
304
491
208
496
783
57
448
671
128
99
994
502
866
889
650
391
596
869
112
817
520
430
534
538
840
935
217
161
487
349
421
791
192
981
639
328
39
87
351
519
186
345
21
405
234
671
796
183
893
261
0
765
691
886
303
531
821
872
44
309
574
818
452
766
799
92
94
190
179
797
709
718
142
82
475
729
754
623
912
999
884
264
116
927
150
771
810
323
643
855
984
217
25
437
336
824
529
782
367
60
580
76
130
74
159
605
803
265
229
67
616
465
683
732
393
833
503
203
509
498
410
493
68
435
930
404
612
811
538
979
872
118
55
354
545
566
960
348
831
541
768
447
6
451
531
751
637
386
955
146
885
365
991
305
801
922
709
765
85
599
744
957
718
799
664
615
366
624
315
549
517
83
349
875
887
880
627
524
267
934
22
504
299
13
809
452
287
870
217
373
469
313
682
539
113
346
154
831
322
470
380
839
553
729
715
792
962
694
316
229
628
690
85
279
56
894
84
343
764
653
716
585
967
751
125
80
97
279
263
420
749
995
611
655
725
678
447
39
372
116
268
352
158
705
984
214
599
68
558
715
721
626
300
688
377
425
120
827
57
735
599
158
731
210
813
808
889
613
847
613
81
115
318
239
820
302
454
771
370
364
838
91
342
138
132
72
916
604
899
973
340
498
131
71
60
297
879
301
910
726
915
343
193
233
582
365
887
388
488
257
752
326
700
95
464
184
519
732
789
418
705
129
268
189
552
680
486
783
982
748
509
249
443
54
482
25
419
369
766
259
978
518
585
678
965
49
215
484
134
4
254
839
485
874
380
37
555
866
172
537
966
681
786
409
87
620
787
858
341
553
117
671
423
702
701
389
103
916
225
237
920
832
429
757
58
809
146
613
28
318
502
994
351
640
756
438
612
543
296
305
448
765
976
871
467
678
612
923
594
838
160
867
22
941
624
80
751
771
46
779
441
548
125
793
541
233
231
153
128
880
459
576
645
787
448
465
465
60
388
412
250
900
279
624
842
903
705
593
26
103
724
468
651
201
261
544
787
844
50
915
724
509
492
722
648
292
187
114
352
575
526
955
475
157
579
317
412
636
262
439
739
338
259
743
540
520
287
327
716
337
594
793
198
86
515
847
378
702
313
83
629
191
390
104
348
321
774
760
958
388
551
49
727
810
792
619
682
432
298
399
121
892
192
320
331
59
519
61
761
184
496
742
375
886
846
75
208
972
835
518
361
387
567
440
197
360
59
232
144
709
631
265
953
175
937
284
234
808
346
995
992
194
737
719
81
935
794
289
260
630
807
973
369
726
413
918
86
824
150
230
885
133
848
838
308
785
123
542
594
821
889
938
15
626
658
448
914
452
737
526
434
896
499
803
623
264
74
61
440
576
644
325
710
492
163
18
629
638
561
575
459
450
514
827
429
172
275
695
624
365
573
411
613
72
214
588
688
640
650
128
217
646
453
279
490
968
297
119
607
210
695
418
13
561
245
794
733
873
841
709
238
414
120
851
486
687
792
526
679
442
654
896
440
459
527
930
779
825
401
738
387
448
157
752
9
754
546
94
627
387
804
217
801
276
421
639
963
213
165
643
7
171
891
447
982
419
729
114
596
482
852
335
931
9
88
292
116
634
387
95
374
543
313
175
819
86
167
135
299
332
130
658
856
373
457
190
792
538
304
740
20
157
76
951
518
516
596
634
502
983
730
876
878
395
52
697
481
219
184
132
903
314
790
111
688
599
302
832
137
958
573
157
115
1
461
986
869
57
620
371
392
702
248
270
97
652
967
578
223
152
62
126
818
852
238
506
451
892
339
940
850
264
98
318
617
559
304
486
968
276
857
360
979
105
630
76
757
597
7
980
101
69
459
920
274
49
778
77
941
117
18
143
733
116
461
350
27
765
836
995
394
694
355
373
151
985
801
261
934
160
593
388
582
52
660
856
453
438
285
746
556
303
890
289
771
703
992
150
821
828
497
215
874
852
588
26
189
741
639
476
902
232
216
484
637
876
692
90
314
977
837
222
633
79
864
756
782
856
907
955
684
756
170
911
609
110
937
150
852
928
978
754
160
194
238
0