52
0.80
94.6
F
77
0.25
65.15
F
68
1.3
81.23
F
21
1.31
50.7
F
88
2.28
88.47
F
19
0.87
94.1
F
32
0.80
52.76
F
41
1.57
21.93
F
76
0.19
1.6
F
12
2.94
59.7
F
14
1.94
64.61
F
23
1.29
46.74
F
75
0.60
34.99
F
33
2.46
78.79
F
99
1.13
75.74
F
14
0.46
28.28
F
13
2.80
98.93
F
64
1.15
82.88
F
14
2.59
34.4
F
40
0.18
77.90
F
69
1.85
72.36
F
18
0.11
88.96
F
94
2.46
70.8
F
27
2.80
42.31
F
28
1.60
36.58
F
22
1.78
90.83
F
92
2.64
57.22
F
70
0.69
64.21
F
54
1.4
81.82
F
52
1.33
62.89
F
52
0.41
96.67
F
50
1.27
91.18
F
69
0.23
46.19
F
61
0.16
44.52
F
27
2.61
32.81
F
86
2.10
79.31
F
35
0.11
29.15
F
13
2.18
10.43
F
17
1.98
87.36
F
62
1.10
6.97
F
20
2.75
93.17
F
22
1.67
16.18
F
14
2.61
15.46
F
79
2.30
52.13
F
71
1.85
59.89
F
95
2.9
3.15
F
15
0.49
98.4
F
88
0.20
47.83
F
61
1.79
17.10
F
37
1.39
38.10
F
15
0.79
12.43
F
10
2.73
3.70
F
66
2.10
16.82
F
17
2.60
4.50
F
97
2.73
93.67
F
94
1.43
3.7
F
75
2.70
76.77
F
74
0.76
18.24
F
93
1.80
66.87
F
93
0.21
58.65
F
30
0.41
37.89
F
93
2.66
58.49
F
25
2.74
52.34
F
44
2.24
88.73
F
95
1.40
41.27
F
16
0.15
14.75
F
14
1.62
65.91
F
92
1.26
17.28
F
30
2.84
16.95
F
25
1.86
70.69
F
99
0.64
20.95
F
57
1.68
71.94
F
13
2.86
81.94
F
41
1.20
9.61
F
69
2.68
31.0
F
63
2.84
68.1
F
62
1.36
68.41
F
18
2.90
14.52
F
54
0.47
36.22
F
70
2.4
3.67
F
50
2.52
77.50
F
27
1.50
75.45
F
45
1.10
57.73
F
53
2.85
57.37
F
26
0.75
76.94
F
70
2.28
27.53
F
17
2.69
24.15
F
32
2.25
89.90
F
91
2.99
49.82
F
55
2.47
5.67
F
55
2.91
12.40
F
15
1.10
93.63
F
91
2.43
47.39
F
24
1.64
58.44
F
75
1.11
85.60
F
10
1.36
0.13
F
33
1.29
62.49
F
40
2.63
59.99
F
40
2.58
40.22
F
76
1.5
55.69
F