34
2.14
99.16
F
38
0.39
41.78
M
83
2.88
53.12
M
34
2.77
36.74
M
10
0.80
77.5
M
15
2.23
21.58
F
95
0.30
61.50
M
40
1.33
93.92
M
45
0.83
80.46
F
30
2.13
10.37
F
18
0.14
33.63
M
13
1.83
10.25
F
62
0.97
22.72
M
66
1.92
11.71
F
38
1.88
44.86
M
43
1.9
33.47
M
21
0.52
13.1
M
51
2.82
24.19
F
24
1.81
18.32
F
22
2.95
31.28
M
26
1.29
51.6
F
70
0.35
12.17
M
46
0.74
40.47
F
64
1.23
82.47
F
68
2.75
1.83
M
80
2.86
13.97
F
38
0.27
26.18
M
45
0.54
58.79
M
98
0.98
78.6
F
65
1.24
83.46
F
99
1.16
63.52
F
20
0.85
70.86
F
74
0.25
63.49
F
66
1.5
58.44
M
14
2.88
54.77
F
58
2.13
74.97
M
89
2.90
51.64
M
90
1.33
63.8
M
65
0.1
1.88
M
84
1.21
85.47
M
72
2.88
32.20
F
38
0.92
10.19
M
45
2.66
92.84
F
92
0.48
91.74
M
66
0.88
26.28
M
80
2.60
32.27
F
50
1.18
13.3
F
36
0.88
19.6
M
72
0.10
61.36
M
77
2.59
13.79
F
27
1.4
56.70
M
40
0.26
77.16
M
41
2.37
62.33
M
49
1.42
85.94
F
35
2.57
39.85
M
97
2.27
47.1
M
43
1.48
7.44
M
76
0.85
38.57
F
39
0.45
2.61
M
55
0.85
18.1
F
25
0.36
54.63
M
16
0.69
82.6
F
43
2.75
23.40
F
98
1.5
89.93
M
51
1.72
66.34
M
37
2.13
20.58
M
16
0.17
30.5
F
67
1.91
23.50
F
34
2.71
27.88
F
83
2.70
47.61
M
68
0.22
4.70
M
12
0.30
52.76
M
99
1.34
12.72
M
49
1.4
43.13
M
54
0.16
54.28
M
69
1.17
91.60
M
90
2.92
99.29
M
50
1.7
34.72
F
35
2.31
25.99
M
100
1.20
43.20
M
47
0.73
50.83
M
47
1.47
47.83
M
95
1.28
90.84
M
49
0.57
81.42
F
29
1.40
15.53
M
14
1.61
31.40
M
92
0.19
23.86
F
42
1.76
23.1
F
57
0.14
99.58
F
28
2.12
27.37
F
33
0.62
94.54
M
80
1.65
9.60
F
28
2.25
41.68
M
91
1.33
70.47
F
48
2.41
43.76
F
67
1.29
2.6
M
54
1.47
86.0
M
92
2.32
10.93
F
24
2.17
82.92
F
73
2.53
67.69
F