34
0.38
48.48
F
33
1.62
81.84
M
94
0.44
9.68
F
76
1.87
23.69
F
84
1.35
22.38
F
68
0.56
79.69
M
98
1.27
93.30
F
94
0.84
31.84
F
62
1.21
40.87
F
82
1.75
86.45
M
46
1.90
99.10
F
19
2.84
4.95
F
16
2.46
13.89
F
26
0.54
86.69
M
64
2.61
94.76
M
56
2.9
87.23
F
76
2.77
49.2
M
56
1.98
93.89
F
32
0.47
55.19
M
33
0.37
83.86
M
80
2.12
57.26
M
98
2.24
17.54
M
98
0.65
26.37
F
32
2.96
79.54
F
19
1.68
78.16
M
96
1.80
62.49
M
78
1.65
99.15
M
60
1.6
52.56
F
80
2.8
28.5
M
67
0.21
79.43
M
44
1.25
41.75
F
84
2.2
86.83
F
96
0.74
49.86
F
20
2.43
8.4
F
50
0.14
76.83
M
28
2.78
15.51
M
77
1.58
58.81
M
27
0.52
68.17
M
36
1.9
57.30
M
94
1.57
89.35
F
51
0.2
52.97
M
46
0.40
44.94
F
20
1.42
31.3
M
98
2.4
6.92
F
44
0.89
7.67
F
94
0.26
40.89
F
16
1.49
59.44
M
82
2.75
5.72
M
44
0.61
96.6
F
13
0.14
79.26
F
45
1.16
96.51
M
66
2.2
45.96
M
24
0.69
18.61
F
92
1.57
91.17
F
67
1.52
93.47
F
82
2.80
48.27
F
89
1.56
43.48
F
37
2.76
63.76
F
34
1.96
96.40
M
25
1.0
16.74
M
53
0.64
54.3
M
37
2.34
3.23
F
87
1.93
84.53
F
99
0.63
89.66
F
22
1.45
83.99
F
83
2.45
50.18
F
93
2.28
89.0
M
30
0.76
31.85
F
12
2.24
27.68
M
87
2.74
4.95
M
24
2.28
75.34
M
10
0.33
14.78
F
75
1.65
47.46
M
22
1.39
84.34
F
52
2.87
90.37
F
60
0.0
28.1
M
32
2.66
9.12
M
33
1.15
62.64
F
92
2.20
57.41
M
37
0.35
76.9
M
32
2.10
0.93
F
96
2.79
25.1
F
79
2.56
77.52
M
69
1.65
12.83
M
100
1.24
42.47
F
38
0.51
40.71
M
56
1.31
26.54
F
23
2.84
98.0
M
27
0.22
20.26
F
100
1.29
27.45
F
98
0.98
92.90
M
32
0.85
89.35
M
93
1.67
91.48
F
96
2.39
65.37
F
84
1.52
1.44
M
78
2.84
64.33
F
34
0.81
59.72
M
21
2.69
31.58
M
70
2.43
52.46
F
99
0.89
32.84
F