95
1.58
41.9
M
19
1.43
66.69
F
40
0.14
83.61
M
51
0.49
26.85
F
25
1.72
8.46
F
89
0.29
98.54
M
52
1.59
15.70
F
82
0.99
21.42
F
75
1.11
71.3
M
81
1.57
16.16
M
43
0.43
65.57
M
12
1.67
25.8
F
58
2.46
7.66
F
100
1.41
63.65
F
45
1.11
22.62
F
91
1.4
67.89
M
94
2.51
22.1
F
87
0.81
23.16
M
78
0.29
4.92
M
30
0.86
26.22
F
13
1.69
24.11
F
72
2.80
40.8
F
82
0.95
1.5
F
24
0.98
52.99
F
68
1.28
34.26
M
42
2.32
28.51
M
92
2.18
51.10
M
19
0.96
52.30
F
68
0.36
85.32
M
57
2.58
23.80
M
48
1.5
3.21
M
68
1.16
48.93
F
15
0.66
39.39
F
60
1.97
29.46
M
53
0.24
9.46
M
73
0.22
42.73
M
28
0.28
27.65
M
88
0.27
89.68
F
36
2.46
81.27
M
98
1.91
90.8
M
60
1.25
43.82
M
26
0.48
26.96
M
76
0.72
70.37
F
65
2.55
33.12
F
65
2.66
72.49
M
92
2.75
89.80
M
18
1.36
97.9
F
14
2.74
37.94
M
25
0.4
7.3
F
51
2.67
47.56
M
98
2.48
21.12
F
54
2.31
11.52
F
85
2.56
68.8
M
70
2.40
90.83
M
30
0.69
71.56
F
77
0.8
27.12
M
77
2.26
62.5
M
51
0.24
84.90
M
40
2.32
78.33
M
40
1.96
80.96
F
14
0.96
92.61
M
95
1.27
48.69
F
76
0.37
31.93
M
27
1.4
88.21
M
76
1.1
7.84
F
57
1.84
30.38
M
39
0.99
9.81
F
29
0.35
96.93
F
36
2.26
9.8
F
65
2.26
67.36
F
24
2.46
8.31
F
50
2.59
55.89
M
52
1.53
75.75
M
25
2.56
92.30
F
62
2.54
80.74
F
46
2.18
33.84
M
56
2.1
88.28
M
26
0.54
21.30
M
88
1.26
69.46
M
72
0.19
61.2
F
77
1.56
56.52
M
24
2.31
46.71
M
41
1.70
68.85
M
33
2.39
24.46
M
40
2.10
1.97
F
58
1.17
43.96
F
11
2.6
79.48
M
93
0.61
74.22
F
79
0.35
85.46
M
14
2.37
54.51
M
56
1.10
75.8
M
91
2.43
41.94
M
65
2.6
66.53
F
100
1.89
64.67
F
79
0.40
80.90
F
47
0.42
74.61
F
29
1.25
64.13
M
67
2.4
19.7
F
74
2.10
42.21
F
87
1.91
53.49
M