59
1.53
38.4
M
30
2.44
53.40
M
98
0.78
67.97
M
52
2.91
71.47
M
85
0.18
17.76
M
64
2.73
22.36
M
42
2.84
54.12
M
11
1.17
61.5
M
75
0.52
48.17
M
27
2.14
83.3
M
36
1.63
83.87
M
13
2.56
52.32
M
82
2.77
30.92
M
52
1.16
8.78
M
13
0.47
39.36
M
68
2.16
22.71
M
41
1.85
75.59
M
73
0.98
50.46
M
55
1.8
36.22
M
57
2.66
97.48
M
79
1.64
31.4
M
97
1.67
88.73
M
94
2.59
36.28
M
15
2.34
34.92
M
26
1.95
21.4
M
17
1.10
9.28
M
32
1.78
16.11
M
40
1.57
22.78
M
82
1.33
81.45
M
47
1.79
14.65
M
99
2.51
46.69
M
96
1.48
66.69
M
56
2.87
60.78
M
26
2.71
48.57
M
61
1.28
46.20
M
56
2.57
31.99
M
76
2.47
19.69
M
20
1.23
99.0
M
30
0.58
79.38
M
86
2.19
35.59
M
15
2.58
97.18
M
36
0.97
65.61
M
50
1.43
85.59
M
77
0.77
91.94
M
83
0.56
57.35
M
74
2.1
34.61
M
48
0.63
92.0
M
14
0.12
37.47
M
80
0.79
6.48
M
48
0.75
32.81
M
42
2.59
8.38
M
61
2.89
49.66
M
83
0.28
56.98
M
39
0.28
95.63
M
97
2.37
72.8
M
20
0.31
52.39
M
69
1.13
93.80
M
51
2.35
8.82
M
30
2.60
46.89
M
60
0.22
86.4
M
64
0.48
7.86
M
26
0.16
95.97
M
80
2.2
4.15
M
82
0.34
54.48
M
50
1.81
61.70
M
66
0.71
23.10
M
19
2.61
85.50
M
73
0.75
80.48
M
25
2.4
25.9
M
58
2.23
65.33
M
99
0.47
11.9
M
34
1.28
79.59
M
51
2.85
44.23
M
89
1.24
85.28
M
42
1.44
16.47
M
67
1.99
37.10
M
20
2.81
41.78
M
33
0.52
58.75
M
83
1.15
49.33
M
22
1.48
11.78
M
47
0.98
37.60
M
41
1.61
17.13
M
56
0.59
50.83
M
46
2.35
61.78
M
79
2.39
4.13
M
69
2.51
61.97
M
65
2.7
65.38
M
44
0.85
83.78
M
32
2.47
21.78
M
63
1.44
82.91
M
63
1.0
31.33
M
61
1.75
87.58
M
20
2.84
55.4
M
86
1.77
88.6
M
30
2.8
36.56
M
13
0.37
4.97
M
24
0.26
75.40
M
51
0.18
94.35
M
24
2.70
12.35
M
92
1.77
60.32
M