61
1.42
80.29
M
63
2.85
11.13
F
92
1.57
85.48
F
85
1.80
45.14
M
40
2.88
33.12
F
32
1.25
63.92
F
69
0.88
88.10
M
98
1.3
26.48
M
67
1.0
80.20
M
59
1.48
31.32
M
45
2.96
13.32
M
68
2.11
47.68
F
32
1.19
83.27
F
68
0.15
69.66
M
91
0.74
30.37
M
29
2.77
20.72
M
59
1.89
21.40
M
82
0.87
37.42
F
61
0.56
47.81
M
29
2.42
40.85
F
20
2.19
34.51
F
62
2.81
74.32
F
16
0.2
1.54
F
86
1.80
2.57
F
17
1.0
96.83
F
17
1.33
57.4
F
73
1.67
25.47
M
69
1.7
70.61
M
57
1.14
30.6
F
75
0.94
27.56
F
78
1.83
82.59
F
27
2.42
5.55
F
18
1.44
57.57
F
49
2.75
74.35
F
97
1.53
19.41
F
52
0.85
73.39
M
87
0.36
22.88
M
30
2.94
53.67
F
21
1.57
23.48
M
43
2.37
59.96
M
26
0.17
35.39
M
53
0.55
25.50
F
36
1.90
36.7
M
34
1.69
23.87
F
53
1.1
7.20
F
55
1.4
93.19
M
42
0.52
29.0
F
11
2.66
81.66
F
15
1.19
29.35
M
84
0.13
40.37
M
99
1.97
77.4
M
87
2.18
75.1
M
90
0.99
65.71
F
65
1.68
70.41
F
33
2.42
74.72
M
31
2.3
88.63
M
31
2.24
28.96
M
93
1.32
87.78
F
81
1.90
35.20
M
92
0.99
20.72
F
45
2.80
56.7
M
32
2.45
97.87
F
29
2.56
27.10
M
57
2.8
98.14
M
100
1.4
49.83
M
93
0.0
37.54
M
31
1.72
44.74
F
38
1.84
82.23
F
22
0.25
88.89
M
61
1.79
62.18
M
56
1.41
29.74
M
64
0.17
33.24
M
22
2.15
83.67
F
30
0.81
19.37
F
13
1.99
37.37
M
37
1.37
20.78
M
93
1.15
10.95
F
46
2.92
64.4
F
63
2.56
79.59
F
66
1.45
26.95
F
18
0.61
70.55
M
58
1.94
10.52
M
19
1.13
60.18
F
34
2.32
42.36
M
56
2.97
77.45
F
21
1.26
77.54
F
85
2.58
85.61
M
37
1.3
3.3
F
75
2.72
36.35
M
33
1.42
64.93
F
54
0.80
19.88
M
96
1.78
68.77
M
74
1.6
89.95
M
75
1.99
37.27
F
27
0.64
9.72
F
61
2.64
48.92
F
89
2.92
42.74
M
61
2.86
39.66
M
61
0.81
82.18
M
20
2.33
32.89
M