54
12
23
22
77
72
59
87
64
62
17
30
1
1
89
78
54
8
16
10
63
14
5
79
85
17
89
75
89
99
11
26
31
96
10
19
17
61
32
77
68
17
22
12
31
81
46
39
100
10
69
43
91
75
85
53
80
27
82
27
69
100
69
8
10
10
61
79
66
91
64
81
83
75
67
10
65
41
46
15
8
4
95
78
89
32
49
81
60
73
69
20
11
55
68
77
50
69
40
89
46
23
70
65
76
62
49
88
17
7
94
44
4
41
67
61
89
81
86
13
28
51
34
18
37
94
57
67
71
1
31
18
66
1
74
35
32
36
11
81
9
80
64
97
16
25
57
100
74
9
62
51
68
22
98
95
81
58
7
39
73
30
5
93
3
21
32
65
26
61
22
9
23
92
30
22
34
32
40
72
42
37
67
53
65
13
1
72
80
54
82
50
65
56
34
26
27
22
49
65
75
15
38
49
21
6
27
7
49
79
93
85
68
21
76
61
86
16
71
84
98
88
58
22
79
44
28
39
31
14
87
41
26
36
94
92
96
36
75
24
82
57
96
90
67
93
53
17
40
43
95
32
44
98
27
65
2
41
1
57
39
15
88
51
15
79
56
20
52
12
11
5
51
70
12
55
44
4
94
3
98
43
86
87
72
33
33
13
14
64
73
71
19
26
74
17
99
60
29
98
93
15
13
30
44
51
18
41
8
51
43
34
64
39
60
98
78
25
13
16
24
59
2
79
94
22
3
66
13
36
28
8
71
48
35
59
12
47
38
32
89
30
49
1
31
79
100
76
84
46
66
76
7
76
86
69
42
29
19
25
37
46
23
98
9
49
92
28
79
18
47
63
64
89
3
42
42
56
31
31
93
31
67
51
55
43
13
54
29
9
92
68
24
42
66
39
17
52
40
29
70
44
90
27
41
60
60
40
10
37
32
59
68
17
74
72
73
58
85
85
25
95
23
50
30
53
79
84
18
82
27
62
96
34
79
51
4
90
54
67
58
70
4
73
59
100
19
34
84
75
60
71
8
71
25
27
13
57
88
28
91
75
21
68
73
59
41
11
53
48
25
47
34
39
43
1
52
16
92
31
89
93
94
32
72
60
53
99
39
60
41
56
29
75
14
81
90
75
13
33
67
74
99
11
63
53
53
34
85
88
14
82
75
64
57
43
79
55
98
22
8
26
28
3
77
33
71
74
50
26
15
95
8
72
49
41
96
43
57
12
60
41
54
91
35
53
15
80
94
53
54
79
55
53
99
98
17
54
15
7
90
45
34
49
55
73
32
72
54
13
24
32
98
36
27
5
35
27
24
4
37
91
1
44
76
71
22
20
94
14
45
77
45
11
87
96
59
63
67
56
32
88
73
6
75
26
45
54
46
2
17
31
56
80
65
40
92
15
87
50
84
73
83
70
40
29
86
95
49
20
86
45
35
86
93
49
95
30
44
73
5
91
58
52
14
38
92
91
26
86
12
7
19
2
33
64
62
57
94
59
62
9
41
3
74
98
56
54
70
74
12
42
19
89
95
40
49
27
8
25
15
82
77
8
67
3
85
89
63
1
20
23
40
5
68
66
57
49
25
4
52
96
54
25
37
60
19
58
60
89
79
18
98
61
75
53
51
6
88
30
80
60
15
52
44
10
55
66
21
49
77
68
96
34
40
34
97
24
83
3
2
77
72
35
83
27
2
73
41
56
3
40
12
43
52
66
62
46
35
51
73
97
56
85
84
72
12
57
18
86
74
34
57
94
91
18
79
2
74
20
7
64
29
45
23
37
59
52
74
54
59
46
65
53
82
84
42
60
97
94
49
13
38
16
71
29
92
12
77
24
58
63
83
56
66
15
66
34
32
63
43
14
59
61
38
77
74
40
48
88
51
69
29
9
12
76
73
43
20
1
90
68
59
22
11
42
98
20
1
78
10
74
87
53
55
29
87
90
96
66
88
65
66
34
79
42
23
83
91
45
46
73
21
59
68
56
8
35
1
54
58
50
22
53
77
20
63
50
45
39
82
37
75
67
22
21
30
9
65
45
61
2
61
44
66
87
79
2
67
19
36
44
44
93
47
25
84
43
83
12
7
80
26
14
41
2
32
70
78
49
71
52
83
97
55
19
50
34
58
11
66
81
17
33
88
67
98
90
90
82
76
20
2
42
60
85
86
9
78
5
56
14
44
39
29
37
99
100
61
52
33
32
78
54
10
39
24
80
19
63
93
85
52
32
13
36
46
53
82
49
86
99
59
25
93
44
79
27
18
48
