223.4 177.4 125.0
245.1 173.5 324.2
238.4 273.1 352.2
194.7 216.5 124.2
74.2 47.7 99.4
19.1 176.4 94.6
186.5 344.8 315.7
248.6 40.5 113.4
345.4 317.6 306.1
346.3 328.5 231.5
327.1 356.7 93.1
59.1 140.5 118.2
280.7 110.0 326.5
39.1 181.8 84.4
117.9 170.9 85.2
351.5 336.5 30.2
132.7 30.4 113.5
343.6 42.1 211.2
81.0 284.9 315.1
353.6 59.0 340.1
158.0 78.4 166.3
38.2 316.1 331.9
271.0 244.0 359.4
123.6 333.6 318.2
206.0 142.4 37.8
219.8 321.1 124.6
57.5 48.2 17.1
86.6 199.6 110.9
220.0 118.4 93.0
347.4 320.6 16.1
217.0 262.6 159.0
174.3 281.9 263.5
98.6 218.9 127.6
304.8 330.1 117.4
93.7 251.7 291.1
93.4 145.6 107.5
349.3 324.6 157.8
161.6 240.8 145.7
236.7 34.6 96.1
246.1 278.5 75.1
52.1 195.7 305.0
79.6 324.9 85.9
41.8 91.1 301.5
48.3 163.3 121.8
106.9 326.2 67.7
194.6 56.1 38.0
111.9 264.6 231.6
242.3 91.6 282.6
235.2 189.1 157.7
11.0 257.6 51.7
117.7 85.7 0.7
328.6 194.5 61.6
66.4 2.0 127.7
200.4 30.0 344.0
62.6 253.3 306.7
243.9 40.4 94.8
272.7 336.2 285.9
128.3 132.7 318.3
331.5 172.0 130.5
355.7 279.5 183.9
25.6 270.7 326.3
282.0 319.5 171.1
7.9 81.7 197.5
230.9 85.9 120.9
25.1 17.5 342.7
40.5 153.0 124.7
242.2 203.0 133.6
278.2 192.1 169.4
227.9 167.8 276.5
39.6 325.3 192.5
169.8 302.7 53.8
266.7 127.1 354.5
322.3 90.7 310.9
94.9 270.6 317.7
59.3 88.8 76.7
320.7 149.7 121.5
314.1 347.7 36.7
332.1 286.3 40.4
284.1 150.3 11.4
274.3 72.8 99.9
208.5 155.3 276.0
36.8 231.8 176.2
99.3 3.5 239.6
53.7 254.3 181.1
81.3 120.0 40.8
146.5 360.0 341.5
66.7 232.7 56.0
265.7 115.2 7.6
295.6 349.5 297.6
276.8 62.6 332.8
44.0 342.1 173.8
142.0 18.5 68.8
272.5 106.3 341.6
141.8 11.0 8.7
322.4 330.2 123.1
142.8 66.2 268.9
32.0 58.7 36.2
37.3 49.9 317.9
95.0 47.6 71.9
31.0 141.2 21.8
48.6 109.3 22.1