240.9 350.7 258.6
66.9 179.2 139.6
283.0 176.8 257.9
73.0 249.2 228.5
303.6 251.8 293.0
284.8 125.6 300.0
284.2 93.3 202.9
25.3 222.6 262.5
100.4 71.5 264.6
216.7 84.7 330.8
167.2 73.7 45.2
164.0 40.7 17.7
47.0 153.8 159.6
160.7 346.8 138.7
119.4 186.1 350.1
17.2 151.1 340.3
203.7 260.4 206.6
160.2 173.5 104.0
8.7 141.1 262.3
193.9 140.6 68.7
43.8 214.7 30.5
277.0 245.8 123.7
78.8 331.3 317.3
204.9 169.3 236.2
53.2 199.4 327.1
50.0 298.6 162.7
205.9 79.9 4.5
227.9 104.6 24.6
151.0 300.5 198.4
130.4 355.9 275.3
331.8 66.7 77.0
271.2 14.9 327.1
295.9 62.2 148.6
132.7 280.5 336.4
74.8 316.9 297.9
98.1 54.8 95.8
354.6 271.6 337.7
105.0 202.4 246.7
298.5 247.7 304.3
216.1 170.2 45.6
156.5 276.6 314.4
23.7 121.1 252.4
344.8 251.1 335.5
262.0 300.7 96.6
119.5 64.3 91.4
276.0 330.1 201.9
272.9 129.4 330.2
7.0 296.9 173.3
58.0 18.4 288.8
74.2 308.7 324.9
247.6 139.5 309.1
284.0 265.6 69.2
334.2 121.8 76.4
192.7 137.4 259.1
155.6 244.7 50.9
131.6 8.6 343.4
341.8 14.0 46.9
100.2 233.6 50.6
140.3 211.4 69.8
124.2 52.3 152.3
88.3 38.4 87.0
43.0 300.2 302.4
204.6 87.0 338.5
26.5 153.4 351.4
287.5 8.4 265.0
73.6 14.6 168.3
310.2 73.6 63.1
273.7 175.6 209.5
190.9 73.3 12.0
305.5 108.4 299.9
253.0 113.2 116.2
46.9 235.2 327.3
60.3 27.4 73.2
178.4 45.7 271.1
137.0 348.6 19.8
353.9 318.3 111.8
90.2 359.3 72.9
28.2 355.8 85.6
300.3 333.2 239.4
36.6 166.7 208.2
56.6 346.3 110.1
191.8 12.5 117.5
193.8 29.8 334.5
216.9 218.0 170.9
83.7 32.2 308.1
2.2 165.3 103.3
135.9 47.9 19.8
96.9 102.6 229.3
67.5 58.0 104.4
20.7 173.4 325.9
336.7 344.9 253.5
251.9 300.7 227.2
297.7 87.8 13.0
41.5 204.2 81.1
292.7 151.4 206.1
34.9 323.9 247.9
236.7 325.5 27.3
88.3 178.8 281.5
330.1 246.9 204.4
109.9 103.8 328.2
342.1 175.3 62.2
176.5 123.1 71.1
278.6 182.4 284.4
276.9 193.0 298.2
217.3 231.4 1.8
44.8 183.3 10.8
6.8 69.1 266.2
212.5 335.3 325.4
212.5 87.1 283.5
18.1 124.0 46.7
48.6 107.5 338.8
323.3 164.5 220.3
207.5 94.8 269.3
205.7 205.5 51.9
73.9 313.5 147.7
208.2 64.9 218.0
115.5 116.9 287.2
53.9 18.7 165.3
346.4 95.7 201.2
254.8 300.3 139.3
328.0 205.3 154.9
250.2 82.8 0.2
142.8 348.4 224.9
56.1 199.9 51.3
199.9 131.8 293.9
355.2 205.7 127.9
341.3 49.0 348.2
16.4 159.3 159.7
79.5 43.5 346.2
28.4 211.2 130.8
57.0 11.1 153.2
187.9 307.8 226.3
233.5 307.1 314.5
303.9 171.6 69.1
65.9 200.0 294.3
166.7 135.9 203.3
116.3 148.9 336.2
40.7 89.3 120.3
270.1 145.7 316.2
318.6 161.2 123.6
213.2 152.9 357.5
135.8 263.5 184.5
295.1 58.5 315.8
125.9 238.1 94.4
329.0 242.2 112.7
180.9 123.1 54.4
22.1 351.9 208.2
95.5 107.0 100.4
308.6 131.5 2.1
333.3 215.4 192.3
126.3 161.6 187.8
241.7 78.9 107.4
40.2 24.7 171.5
352.0 137.9 221.0
80.0 84.0 355.0
224.7 293.7 32.1
4.6 132.7 336.9
72.8 11.5 142.1
310.7 284.1 298.8
108.9 109.1 353.3
193.4 56.7 337.5
101.0 237.8 39.3
336.9 34.4 132.9
97.9 214.3 198.4
1.4 232.2 64.1
241.6 159.7 308.2
263.6 42.3 314.7
68.6 358.6 82.3
306.1 215.3 132.0
226.3 319.2 274.0
284.8 21.8 102.7
200.8 171.6 288.2
168.0 93.6 208.0
175.3 269.0 2.9
289.0 335.9 243.1
259.4 345.6 168.1
225.9 300.6 87.9
32.6 57.2 223.5
358.5 270.4 157.9
95.5 112.5 314.7
60.9 98.5 125.3
2.9 151.3 258.7
50.1 216.6 151.7
209.7 31.3 46.8
63.5 146.2 246.3
223.8 288.8 17.8
46.5 80.9 114.0
315.5 48.0 158.1
211.3 275.3 209.1
232.6 286.3 36.8
339.8 110.0 314.4
93.1 64.8 279.7
97.8 303.5 230.4
335.7 143.9 187.2
227.7 64.3 127.5
349.2 89.5 12.6
279.4 66.1 316.2
55.5 11.8 54.2
82.0 169.8 156.6
316.2 80.3 264.9
340.1 286.5 298.5
310.9 99.0 358.3
304.1 212.6 140.7
163.6 41.4 250.6
22.1 244.4 138.0
135.4 57.3 324.3
93.1 29.1 48.6
244.0 73.6 225.7
107.8 2.3 121.6
196.6 314.1 287.5
163.4 120.5 343.2
42.9 201.2 164.7
233.9 35.7 73.2
4.9 82.2 24.3
266.3 331.9 274.3
228.2 298.5 66.2
321.8 39.7 331.7
117.0 313.4 183.3
94.2 320.4 130.7
40.5 64.0 347.7
25.4 90.7 324.3
30.0 10.0 352.6
20.4 222.3 212.5
1.9 286.3 157.3
186.2 332.0 210.0
75.2 172.8 311.2
55.6 159.7 310.5
153.9 160.0 91.8
135.7 268.6 139.2
159.1 311.6 328.1
281.0 34.8 208.0
194.9 224.4 203.8
70.3 326.1 1.6
178.8 77.2 342.6
50.5 168.5 311.5
103.5 72.6 231.0
96.9 114.6 58.7
27.3 280.5 177.9
343.8 51.9 196.3
350.4 108.2 204.4
352.0 321.8 322.2
74.8 168.0 40.5
89.4 77.5 23.6
172.5 317.0 259.6
277.4 348.9 168.1
264.6 18.9 298.2
169.3 245.4 260.8
37.8 90.6 113.0
183.1 307.1 100.7
4.3 181.5 349.5
355.7 192.2 176.1
67.8 315.4 192.3
270.3 179.6 147.5
359.8 62.8 73.8
39.2 210.6 49.1
134.9 131.6 215.5
193.4 194.8 55.2
189.5 349.7 294.2
337.1 349.7 229.9
262.5 33.4 65.3
180.9 52.5 270.3
339.7 127.0 347.2
201.7 22.5 204.7
52.4 355.0 142.6
148.2 116.5 297.0
34.7 256.4 96.1
312.1 99.5 240.2
271.9 256.4 160.5
242.6 354.0 154.3
88.9 138.5 359.2
331.8 336.7 157.5
78.9 337.3 271.4
68.4 56.6 227.3
194.3 230.1 220.6
230.1 54.5 9.6
24.1 271.2 132.7
75.3 190.2 161.6
315.0 36.1 252.1
306.7 212.0 202.1
52.3 274.3 202.7
117.9 306.1 187.5
277.1 189.9 239.5
304.7 161.8 89.9
1.5 350.3 73.3
175.4 236.4 55.8
116.8 259.6 306.9
251.1 309.7 299.2
298.5 167.6 300.4
334.8 50.4 110.2
274.7 350.9 24.8
349.5 338.1 173.0
232.1 37.9 268.3
226.8 146.5 112.5
316.9 117.6 324.2
183.8 265.4 336.9
249.0 30.2 41.5
115.1 331.5 52.2
346.8 126.9 49.0
181.6 100.8 6.7
206.4 129.7 247.5
336.4 209.1 294.5
144.7 69.1 163.1
342.1 156.8 253.1
94.7 165.4 92.4
48.7 25.2 14.6
339.8 133.7 46.0
65.8 353.0 189.0
329.2 174.5 157.3
212.2 81.0 60.9
283.8 14.0 180.3
220.7 78.2 80.8
192.6 207.3 334.7
135.6 287.1 306.6
350.4 328.1 233.9
47.9 290.2 230.8
199.0 197.8 233.0
99.3 33.1 56.5
191.2 91.4 322.7
121.2 68.7 276.0
250.9 283.4 21.4
259.2 92.9 171.0
15.2 359.6 147.2
127.4 154.9 209.2
28.0 342.4 250.5
315.7 13.6 184.2
212.2 305.8 3.4
186.6 112.6 190.9
8.1 72.9 258.9
20.1 112.5 179.0
329.9 99.6 359.5
196.1 0.4 289.3
329.4 327.0 128.2
146.3 9.7 173.7
93.0 137.2 68.7
152.9 318.4 207.1
238.0 140.2 351.9
198.5 302.9 258.9
320.8 354.8 233.3
306.8 289.9 40.6
141.8 358.7 22.9
121.0 340.9 196.0
260.6 73.3 267.5
324.5 0.4 264.5
329.4 159.6 274.6
219.4 303.3 192.3
38.3 135.2 353.0
229.0 103.6 189.0
45.7 359.0 139.2
290.0 303.0 222.6
221.6 116.1 180.1
276.0 240.1 12.6
92.2 105.5 339.8
315.5 268.7 66.4
209.8 206.9 281.1
306.7 134.2 330.4
17.3 194.8 233.8
260.4 144.7 120.2
29.6 250.9 315.4
195.0 232.3 27.8
307.6 338.0 208.8
346.5 326.3 154.5
187.1 101.3 205.6
40.1 107.6 322.3
274.3 245.3 20.9
181.3 225.8 356.8
258.7 61.0 117.9
354.8 201.3 349.8
269.2 31.5 224.1
272.4 35.4 52.2
312.3 69.2 154.6
332.7 21.3 157.0
190.2 248.0 69.7
50.3 180.8 350.1
26.0 84.1 224.5
72.8 106.9 283.8
356.7 142.6 102.7
59.2 32.3 297.6
276.8 307.2 353.2
4.9 355.9 263.5
68.2 342.8 123.9
179.1 105.8 145.0
163.2 216.8 33.0
304.9 147.2 23.2
59.7 94.6 297.8
271.6 322.1 313.4
42.1 219.0 291.9
355.5 37.8 70.4
255.2 341.3 299.1
35.8 247.3 325.1
128.3 6.8 48.6
69.9 328.4 256.7
190.4 277.5 215.7
66.5 86.7 332.0
89.8 189.7 262.0
350.1 163.0 326.6
239.8 285.3 103.6
106.7 154.1 93.2
353.1 338.1 285.6
189.0 268.0 252.7
289.3 21.5 336.2
132.9 9.7 149.4
229.1 224.6 115.3
49.9 341.7 275.5
33.0 320.2 261.9
194.3 162.2 291.3
42.7 227.3 331.3
166.7 4.1 36.8
75.7 4.4 269.5
63.1 51.4 272.0
136.9 115.3 39.8
113.5 21.6 120.9
144.2 245.4 76.0
193.6 211.4 101.7
14.0 309.0 259.8
190.9 70.4 205.8
268.6 265.5 230.2
347.9 346.7 147.2
134.5 349.8 111.2
52.3 26.2 302.4
324.5 163.9 1.3
120.3 349.3 259.3
346.4 242.7 318.9
103.3 211.3 4.6
355.9 321.4 265.1
204.4 38.0 142.0
37.6 129.5 262.6
160.8 270.5 313.7
151.2 205.6 96.7
305.6 15.4 356.4
99.8 328.5 143.3
5.3 142.4 13.9
295.5 147.9 242.6
72.3 243.0 157.5
114.4 128.6 292.1
225.3 280.8 116.9
356.4 136.5 220.3
41.6 280.8 86.5
287.0 269.4 108.2
333.9 106.3 358.4
148.4 252.4 256.3
227.0 65.1 79.4
25.4 174.8 333.9
53.8 220.8 219.4
110.6 155.4 47.7
142.2 84.6 164.0
35.6 75.5 75.7
150.4 192.9 225.4
217.3 308.0 116.2
62.7 226.3 305.9
46.0 299.4 86.8
70.4 55.3 194.7
266.8 158.3 33.6
168.4 317.9 15.8
115.9 267.7 97.0
297.1 82.1 1.7
171.0 297.3 150.7
127.5 341.3 281.9
56.6 269.1 107.8
254.0 29.3 122.5
49.9 252.4 308.4
285.8 161.4 51.7
267.4 316.5 155.2
239.8 356.8 54.4
132.0 338.7 310.2
297.8 329.1 30.6
282.6 332.8 110.9
37.3 235.7 333.1
155.3 181.6 133.3
286.3 335.7 17.6
342.5 251.2 193.9
62.5 290.0 257.1
341.2 183.1 344.0
282.5 25.0 336.0
95.7 304.5 234.6
358.3 135.1 54.2
69.1 83.0 74.9
118.2 170.0 300.1
211.8 69.9 207.3
143.4 244.5 118.4
38.6 210.2 93.9
111.9 302.2 309.4
114.1 78.9 243.7
50.7 39.7 304.4
267.5 211.1 1.3
154.2 134.3 329.7
109.4 257.3 253.0
348.1 210.9 242.4
161.9 105.3 117.9
65.8 23.7 75.5
196.1 298.6 16.9
349.4 9.3 149.9
90.4 203.4 4.9
233.1 92.4 330.6
327.6 170.8 106.2
331.6 28.5 324.6
15.6 138.8 275.8
119.9 202.2 288.1
315.2 112.6 44.9
304.0 20.2 142.7
136.3 133.4 207.2
98.4 64.0 17.6