119.8 31.1 255.5
32.7 249.3 356.5
349.9 283.6 324.6
344.6 75.1 175.1
218.0 163.9 112.4
141.0 100.3 48.6
186.0 308.3 101.2
282.2 236.0 108.0
279.9 74.4 238.1
196.4 264.8 45.9
95.9 330.5 186.2
120.6 135.0 297.5
38.5 82.4 175.2
122.1 162.3 291.9
127.8 172.1 231.5
41.4 71.3 211.2
80.1 121.5 268.8
202.0 297.7 109.9
57.5 328.8 50.4
296.1 341.4 112.3
326.0 100.5 340.7
109.9 296.6 110.5
255.6 179.2 36.0
93.4 160.6 121.6
38.0 243.2 130.2
148.7 28.6 119.3
235.1 158.5 208.4
345.3 338.5 336.6
307.9 194.0 288.5
164.0 284.3 132.6
328.9 252.4 39.7
317.6 256.4 30.3
155.2 243.2 69.5
188.9 46.9 24.4
219.6 162.9 25.9
72.6 43.1 223.3
329.6 166.6 195.9
204.8 314.4 166.3
60.0 27.9 272.8
339.1 1.7 315.5
174.5 167.0 54.8
104.6 202.1 81.9
93.5 165.8 285.0
278.5 315.5 262.0
158.4 315.8 164.1
262.1 176.6 256.2
79.3 184.2 245.4
105.3 191.9 188.4
184.2 170.7 328.7
274.1 358.1 357.1
204.8 264.4 59.7
193.7 132.9 199.3
21.6 331.4 89.5
141.2 186.6 161.4
80.4 236.5 291.8
272.3 281.8 60.3
319.8 349.9 164.3
323.5 189.5 2.3
265.0 338.9 207.3
230.1 101.8 51.1
284.6 69.2 328.7
296.4 316.4 326.9
110.4 133.8 210.8
205.6 239.9 212.5
77.1 190.0 286.0
112.1 117.8 234.3
260.8 8.4 249.5
73.5 107.7 117.6
155.5 80.0 330.2
10.5 292.1 117.4
105.3 41.3 31.4
272.2 354.0 270.8
3.8 125.5 321.6
294.5 95.2 283.0
352.5 38.9 266.6
144.7 100.0 272.5
232.2 122.9 242.4
106.0 114.8 300.9
304.0 335.8 21.7
205.5 258.9 315.5
109.5 253.8 275.6
294.1 89.7 167.1
115.0 354.4 123.6
233.2 41.4 255.5
78.4 347.0 203.1
2.9 154.8 77.9
134.1 48.9 92.8
298.3 221.1 335.2
113.2 175.3 264.3
114.8 262.0 117.5
153.6 37.6 126.1
246.8 117.0 277.7
8.7 72.0 280.8
299.9 153.4 234.4
39.5 155.0 283.4
138.9 335.3 220.4
265.5 65.1 5.3
206.3 98.8 231.0
132.9 88.4 28.7
251.3 197.3 340.8
3.0 211.7 276.3
123.6 6.2 78.4
353.3 63.8 92.1
237.1 155.2 328.8
273.8 106.1 354.1
188.0 230.8 40.8
81.7 300.8 300.6
175.7 163.1 170.7
70.4 206.9 90.5
11.5 233.5 321.3
61.7 198.5 167.2
184.9 88.9 15.8
322.2 164.4 295.3
304.1 306.7 264.1
33.0 198.9 109.7
45.6 306.6 196.4
92.7 65.4 188.8
35.6 232.9 125.4
242.7 259.9 70.4
125.0 226.9 320.8
13.5 29.3 227.6
27.4 3.8 36.6
186.3 43.4 195.0
104.7 103.8 98.6
181.8 28.4 15.0
236.4 285.0 294.1
215.9 256.2 103.8
215.0 143.8 117.8
298.0 229.4 241.8
94.6 147.5 249.0
325.8 94.6 237.8
289.1 328.2 224.4
144.4 9.4 102.5
333.5 41.8 264.2
206.3 135.9 241.0
124.1 139.6 191.9
132.1 55.1 312.8
281.7 108.1 228.3
104.4 189.6 64.2
236.0 23.5 213.1
260.0 132.0 140.3
239.9 112.3 289.0
82.6 334.6 126.2
7.8 89.3 21.4
254.4 243.9 210.8
126.1 103.8 213.4
213.6 62.2 14.2
10.4 274.6 266.1
142.9 335.5 51.1
160.6 2.6 180.8
204.4 226.8 202.2
214.0 219.4 232.8
76.7 342.6 107.7
307.8 280.9 114.5
207.0 181.1 305.0
184.0 13.1 65.1
280.4 138.3 238.6
175.1 162.7 330.0
280.6 260.4 78.2
321.9 302.7 294.9
335.2 202.4 287.6
178.6 71.0 153.7
181.4 334.1 226.1
324.1 20.7 143.1
250.9 226.4 149.0
214.5 261.9 36.6
40.0 111.2 276.5
15.8 177.2 0.3
167.4 119.2 166.3
268.0 293.4 319.8
333.2 247.9 222.4
218.7 340.6 242.7
14.9 192.4 15.5
99.0 195.8 351.1
131.7 259.9 70.5
67.1 337.8 120.8
213.5 230.0 87.8
333.7 30.4 217.0
314.9 183.1 21.1
280.4 99.1 237.4
330.1 268.3 33.0
113.1 348.7 2.9
278.9 27.2 163.6
331.9 271.2 201.7
330.8 291.6 66.4
256.4 35.1 119.2
154.3 184.8 301.8
303.3 175.8 153.6
181.0 328.4 241.4
64.6 18.5 251.5
73.7 331.1 20.8
21.9 351.3 57.5
88.5 202.2 174.7
177.6 199.8 25.9
234.8 194.1 358.1
77.7 259.4 194.4
255.7 54.0 319.8
65.8 104.1 12.0
354.3 176.0 267.4
157.5 228.0 224.5
48.3 319.8 207.3
212.0 34.7 286.8
262.2 167.4 229.5
155.5 329.9 343.3
191.3 3.7 34.1
299.5 64.1 285.2
16.7 272.3 80.1
239.9 250.2 344.3
64.0 204.2 9.1
115.2 79.7 81.1
144.1 149.8 259.4
331.5 215.4 46.9
220.0 246.0 312.7
323.3 276.0 252.8
215.8 166.0 346.0
288.4 10.4 220.2
355.3 277.9 249.3
143.7 80.8 29.0
283.7 230.2 111.5
47.8 79.8 191.1
21.7 197.0 50.1
207.6 41.4 17.0
47.6 166.6 241.6
332.7 334.0 284.4
230.4 15.5 56.4
229.6 226.9 347.3
58.2 180.6 202.6
219.2 256.7 224.5
308.6 201.6 320.0
249.0 331.5 148.6
94.3 58.2 304.6
259.1 128.6 182.1
178.6 32.4 63.6
283.6 176.3 251.2
134.7 162.7 194.4
356.7 197.6 272.7
129.2 116.4 192.8
63.8 90.2 288.2
260.0 125.7 33.8
29.5 93.2 8.5
261.6 218.6 277.5
126.2 232.1 215.6
133.6 316.6 78.0
296.5 209.1 246.1
163.9 347.1 117.8
26.4 128.0 123.1
241.8 242.7 118.8
277.4 5.2 63.4
268.1 162.1 146.0
154.2 232.3 297.6
176.6 224.1 238.9
115.6 276.4 52.8
277.0 90.7 336.2
359.8 331.2 123.1
172.7 349.9 14.7
25.3 198.8 253.2
308.4 57.2 287.4
52.3 152.2 169.1
65.3 149.5 108.4
24.7 0.8 300.0
359.5 223.2 300.9
184.9 295.0 113.5
78.8 348.8 289.3
109.4 189.3 37.0
350.5 330.1 341.4
306.4 33.6 236.0
88.0 293.0 147.7
320.4 132.8 17.9
17.4 350.7 51.5
329.3 185.4 40.1
94.3 131.0 29.6
334.0 204.2 198.0
20.8 223.2 68.6
74.6 135.6 165.5
289.1 44.8 258.3
303.7 138.2 288.7
0.5 129.7 34.6
339.8 228.6 37.0
226.8 359.8 356.9
279.6 269.5 82.7
60.2 272.2 133.4
134.2 21.8 324.7
315.4 193.3 299.6
184.6 35.3 169.4
69.8 253.3 254.2
151.8 10.8 278.1
37.8 273.6 86.7
299.5 53.2 333.7
180.2 119.0 223.1
304.8 271.5 281.4
257.8 31.4 228.5
150.8 127.6 4.8
272.9 351.0 289.8
67.2 249.4 308.7
199.0 352.3 295.5
242.1 263.2 342.6
255.8 12.0 244.7
21.4 288.7 192.9
334.1 72.0 132.0
191.1 0.7 210.7
325.6 74.6 60.6
263.6 132.7 182.2
162.2 180.9 76.1
182.7 257.6 146.4
354.0 111.7 111.0
214.6 259.4 254.4
309.0 147.0 64.1
159.9 169.0 232.6
357.6 310.7 134.9
249.8 166.8 237.4
88.8 52.4 334.3
146.8 29.8 172.6
337.8 326.8 344.1
327.1 306.3 354.7
285.0 150.8 83.0
318.4 288.4 5.7
16.9 26.7 231.3
293.6 354.7 39.6
324.6 21.6 44.8
15.3 15.8 290.7
112.8 308.3 237.3
211.1 31.5 45.6
52.7 350.1 51.3
261.7 15.7 343.5
292.0 96.5 27.6
75.9 260.9 137.5
285.1 209.4 247.6
314.6 346.5 27.7
234.2 255.7 346.2
246.8 205.0 125.9
37.0 346.3 214.7
268.2 272.7 64.1
279.8 242.5 188.8
234.2 246.9 269.5
20.3 122.6 313.3
139.3 197.4 295.1
284.4 67.3 217.1
93.4 24.1 40.3
335.5 353.9 109.9
278.1 146.8 279.2
254.3 43.4 218.8
85.6 343.1 124.4
178.0 318.0 321.1
189.2 13.9 331.3
332.1 52.3 277.2
33.1 186.1 142.5
261.1 341.2 89.8
332.1 163.4 90.1
70.7 163.8 168.9
63.6 237.1 157.2
75.2 266.2 86.2
22.7 204.7 214.1
83.4 35.9 299.4
263.0 249.4 308.5
91.5 193.8 59.8
332.4 46.8 150.4
233.8 277.9 112.4
147.9 208.4 169.4
142.1 270.0 174.2
57.4 10.1 206.0
279.7 74.7 254.5
74.2 142.8 133.7
106.7 61.9 243.3
184.1 56.8 209.6
244.5 177.4 352.3
250.8 23.7 218.0
346.0 214.6 143.9
311.7 135.9 330.0
90.7 308.1 121.2
126.7 286.0 243.1
356.1 265.0 65.7
69.3 359.2 126.8
182.8 50.2 193.6
62.1 199.6 323.6
19.9 287.2 347.5
284.1 240.8 114.2
197.6 235.0 54.2
135.4 212.2 325.5
204.5 243.7 280.6
177.3 244.9 214.3
95.6 153.7 75.0
259.6 275.5 119.2
14.3 0.8 166.2
207.5 321.8 297.7
263.2 273.6 330.0
105.1 237.3 338.2
90.7 19.7 298.7
44.7 288.3 143.5
112.8 15.5 308.8
126.8 336.9 105.5
15.1 56.1 135.6
97.2 83.2 308.9
4.6 40.4 352.8
359.4 195.0 187.8
8.9 339.3 243.7
91.0 326.0 174.9
268.7 73.8 306.0
181.2 355.1 26.6
309.3 50.1 54.8
349.6 119.3 297.4
245.2 51.9 207.9
66.7 277.5 44.1
237.8 2.5 20.8
99.6 74.7 121.3
50.6 274.6 49.6
190.9 152.3 102.9
276.4 235.4 351.8
206.3 332.3 40.5
216.3 68.2 258.0
312.1 184.8 203.2
181.8 113.3 98.0
86.5 145.4 104.5
119.9 98.2 68.8
274.2 13.9 4.3
225.2 208.6 307.4
234.4 94.6 6.7
344.5 261.5 355.6
59.4 93.1 122.5
113.1 111.9 348.5
59.3 101.2 45.8
216.9 32.8 244.8
109.8 23.5 282.9
222.3 237.3 7.7
310.8 287.2 41.4
100.9 48.0 233.9
10.0 162.7 187.9
292.1 196.2 200.6
78.3 286.5 42.8
17.8 43.5 256.0
120.0 133.5 113.1
8.1 86.1 188.3
168.5 299.4 297.8
183.7 200.3 148.3
299.8 341.8 17.9
212.2 28.0 283.9
271.0 153.6 61.9
83.5 148.1 332.1
299.5 205.8 39.8
187.0 314.9 93.4
281.4 5.1 93.6
331.5 332.3 176.9
114.0 1.2 24.1
192.9 201.3 301.5
297.9 285.0 222.9
82.2 121.1 295.3
272.7 202.4 337.5
279.2 327.0 89.1
207.7 32.7 52.2
49.1 4.4 282.6
351.7 54.8 289.0
41.8 272.8 167.6
301.5 291.2 110.7
91.6 206.2 154.2
94.2 336.3 58.3
138.3 235.0 20.2
211.3 201.9 141.3
79.6 307.9 127.0
8.4 330.8 114.7
210.0 299.2 121.2
158.9 23.7 350.9
270.9 203.0 212.6
11.5 22.7 285.2
227.3 198.2 164.4
140.8 251.6 17.0
328.7 203.1 306.0
35.4 203.8 75.9
191.2 303.5 162.3
327.5 194.6 162.4
187.2 215.7 49.9
338.8 110.9 37.0
28.2 228.4 92.4
20.3 285.8 174.3
187.8 351.4 30.8
127.6 134.6 38.9
44.3 352.5 314.2
178.6 140.1 0.2
333.6 9.4 213.1
14.8 274.9 130.7
199.5 287.6 16.3
348.0 162.7 155.7
280.7 97.8 189.2
18.0 341.4 187.2
314.0 207.4 182.4
121.6 63.7 34.6
215.4 180.1 45.8
181.4 125.8 92.4
305.3 279.2 70.5
107.1 143.3 322.1
27.5 340.5 99.9
230.4 344.4 99.5
341.2 163.8 201.4
285.2 248.0 51.5
42.0 183.2 66.1
144.6 257.1 45.6
62.0 121.0 332.0
214.2 139.8 77.6
345.1 81.0 331.1
125.8 154.5 162.2
255.6 54.7 217.3
344.9 113.7 28.9
110.8 257.9 119.7
78.9 165.4 68.7
131.8 22.7 172.4
316.3 225.6 167.7
219.4 63.0 163.0
164.5 122.6 101.4
169.6 162.4 263.1
167.8 340.6 158.7
194.9 346.0 312.3
259.0 204.6 127.8
279.0 32.6 269.0
226.7 157.7 340.2
59.2 143.9 237.5
351.9 218.3 73.0
137.7 61.4 84.4
150.0 122.9 114.3
65.2 350.8 359.1
79.1 229.1 72.2
293.3 175.0 152.6
331.8 331.7 338.4
82.1 116.8 94.2
40.0 324.6 230.7
304.6 141.7 194.0
214.7 39.3 273.1
308.3 40.7 202.6
182.2 208.2 52.1
144.4 155.0 311.3
297.2 307.3 346.3
288.7 229.2 164.0
256.3 292.5 281.2
334.0 117.6 258.6
305.8 218.2 152.6
229.4 209.2 288.0
173.3 316.5 236.0
242.8 23.3 109.9
24.3 98.1 163.3
6.4 182.6 255.0
56.3 285.4 355.7
335.4 231.2 331.5
240.2 156.0 306.2
148.9 275.1 323.9
90.8 76.6 274.4
291.2 286.2 252.1
257.6 324.3 171.1
217.7 256.8 23.4
113.5 67.5 14.6
208.7 212.0 115.6
266.7 214.9 150.8
311.6 155.5 325.7
242.3 126.4 334.1
49.9 0.0 280.7
166.5 332.2 35.4
323.0 282.1 255.0
319.6 84.9 277.5
32.2 97.6 320.4
124.8 330.2 22.1
121.5 231.8 322.6
143.4 259.3 231.9
134.9 157.9 46.0
291.0 194.0 61.8
146.7 259.5 27.7
46.4 159.4 37.5
333.1 129.4 95.1
18.9 313.9 339.2
247.2 94.4 148.1
90.9 266.6 311.3
114.9 89.9 48.6
61.0 97.0 287.7
197.6 283.2 185.4
355.6 15.7 311.6
14.8 17.0 124.0
107.7 271.5 261.1
287.5 359.2 221.6
74.2 78.9 231.7
76.0 82.4 205.2
224.8 25.8 84.1
2.7 76.8 66.0
317.8 164.3 21.2
29.7 132.3 340.8
345.5 294.5 238.4
324.7 330.2 338.2
152.2 190.8 5.9
238.2 33.0 88.9
235.1 26.1 0.8
182.8 205.7 294.0
276.0 228.1 230.5
96.8 353.6 304.7
357.7 348.2 205.3
46.0 107.9 240.0
278.3 46.7 130.2
16.9 243.3 305.3
309.3 0.3 319.0
111.8 302.4 308.5
281.8 30.4 27.7
180.7 101.6 344.2
283.0 186.3 293.4
320.6 241.6 114.6
297.3 41.3 33.5
86.4 173.0 138.0
88.9 116.1 331.7
262.1 9.0 192.6
241.9 16.7 85.5
246.1 26.9 24.9
261.3 231.4 247.5
234.8 268.2 233.6
246.1 10.5 235.4
239.0 227.8 12.1
68.3 201.5 302.3
76.3 155.2 215.9
64.7 297.2 133.1
90.4 109.1 248.4
352.3 96.1 20.0
169.5 313.1 224.7
33.3 350.1 128.5
304.1 93.0 85.2
269.9 134.3 121.2
73.6 154.2 227.0
2.7 262.0 39.7
197.8 42.0 310.3
114.1 156.7 313.8
141.6 153.1 322.6
17.6 90.0 234.4
335.4 124.0 296.9
184.3 237.5 92.9
328.3 268.6 66.8
137.3 80.9 224.3
318.0 76.7 238.8
75.0 196.1 19.4
101.4 152.4 13.3
222.9 120.8 331.1
13.8 190.2 298.4
200.3 70.8 70.0
168.3 3.5 161.6
14.7 32.0 29.9
319.0 246.4 47.9
72.9 92.4 142.0
4.5 121.0 47.0
333.9 287.4 318.9
264.4 281.6 71.3
226.4 82.7 40.8
221.2 127.8 201.8
149.9 55.0 294.3
89.2 233.6 298.2
338.6 167.9 187.9
72.3 336.0 90.0
69.4 21.6 56.9
212.2 268.9 61.0
350.7 311.3 180.5
12.8 209.1 145.1
337.3 37.3 169.1
302.0 246.4 359.0
317.3 115.5 186.5
230.8 224.3 314.7
134.1 149.1 131.1
119.8 161.5 129.0
240.7 64.1 20.2
290.9 130.1 115.6
290.2 127.0 211.4
305.3 208.4 171.4
23.0 8.1 217.0
200.7 168.8 148.8
120.9 233.0 256.3
345.2 124.8 290.2
225.3 220.2 94.1
49.9 212.6 14.5
71.0 164.8 8.4
266.0 27.5 320.2
335.8 345.9 110.4
173.0 258.0 263.0
217.3 306.2 241.0
342.5 29.6 85.8
275.1 165.0 60.6
208.7 338.2 337.1
236.1 317.3 186.4
216.3 85.7 197.4
149.0 231.1 290.4
56.3 102.3 303.0
177.1 219.6 281.5
270.9 340.6 235.8
35.1 30.9 162.1
105.8 70.1 279.5
195.0 3.6 268.3
301.7 231.3 213.4
26.1 319.2 196.0
112.3 92.6 319.9
17.9 249.3 159.5
230.4 341.6 23.8
275.3 349.1 79.2
236.8 320.8 48.7
224.3 122.6 12.9
37.8 5.0 155.9
103.8 314.5 334.1
132.3 357.3 347.1
152.2 230.0 247.9
111.9 164.0 268.5
80.3 231.3 98.8
200.4 61.7 305.5
149.3 207.2 299.3
341.7 334.1 137.5
345.3 288.4 295.7
107.3 347.2 163.5
92.2 105.3 298.0
250.4 235.2 273.8
4.7 97.2 109.6
49.2 250.8 44.3
205.0 11.4 285.8
278.1 11.5 203.5
103.3 82.1 224.7
288.3 352.5 90.8
157.9 95.1 327.9
306.3 230.1 277.0
241.2 283.7 75.1
186.3 281.7 100.5
197.9 106.9 101.7
168.8 259.2 261.3
257.7 195.2 33.4
258.9 307.1 167.1
325.5 233.3 257.8
68.9 234.9 59.8
165.4 121.2 347.9
29.2 276.5 197.4
345.4 150.5 252.3
153.7 156.0 147.9
24.9 171.4 214.2
116.4 30.2 35.6
119.4 346.7 23.6
299.3 338.1 203.2
259.0 44.7 202.0
134.8 327.8 318.7
99.4 40.0 344.7
187.0 247.1 92.9
138.6 61.5 97.1
188.5 160.8 249.5
158.5 103.9 320.8
146.9 326.0 139.3
233.1 306.1 72.7
165.0 313.3 139.0
110.8 193.6 1.4
83.0 214.1 235.8
313.3 338.9 194.6
154.8 295.7 319.1
48.9 328.9 196.8
164.7 224.1 334.8
142.5 145.7 202.2
234.5 25.3 230.6
180.1 27.0 34.0
65.5 17.4 343.1
279.6 240.7 235.7
301.0 321.0 215.9
21.0 182.3 145.1
72.8 124.2 265.3
122.6 264.8 340.4
35.1 334.7 56.4
87.1 88.8 24.7
12.8 281.8 241.6
310.6 210.4 120.3
83.9 243.8 258.9
29.0 302.7 282.3
176.8 201.1 144.1
126.3 200.7 77.5
139.2 45.7 330.7
197.6 202.7 208.0
21.0 146.3 258.1
154.4 60.8 98.9
289.8 45.1 10.2
11.4 178.4 276.2
221.6 36.0 22.4
296.5 338.2 330.2
226.2 248.2 52.6
353.3 156.3 275.7
189.0 357.4 213.7
254.1 331.4 34.5
208.4 89.3 198.9
131.2 236.9 123.4
284.5 66.8 312.4
54.1 278.2 152.5
312.9 294.7 151.4
108.5 214.6 173.1
230.8 31.6 301.6
231.5 318.2 152.7
154.8 179.1 184.5
231.7 83.3 297.6
93.4 236.9 161.7
54.8 242.3 342.3
214.1 333.9 198.0
107.1 213.5 220.7
267.2 347.1 204.8
313.5 22.4 33.9
20.1 93.5 251.7
221.3 306.1 115.6
86.1 171.3 70.4
312.7 8.3 41.2
87.5 149.1 296.9
108.3 293.3 237.1
78.1 231.7 357.1
291.8 53.4 351.1
90.5 181.2 104.6
75.2 56.9 132.5
97.5 143.2 210.3
316.9 217.8 63.7
69.3 74.6 253.6
92.9 139.4 26.9
312.1 223.8 3.3
210.0 155.6 239.9
325.0 265.2 339.7
57.0 287.7 276.5
356.9 344.0 71.1
51.5 219.1 136.5
199.9 37.6 163.7
279.2 309.0 150.5
104.8 128.6 274.8
177.1 89.8 95.2
16.0 187.9 139.5
336.3 4.8 298.8
318.4 63.1 96.6
14.6 262.4 243.1
121.0 132.1 296.4
115.1 34.6 242.6
123.3 157.3 331.9
169.8 337.2 210.7
29.5 306.3 267.4
169.5 180.4 29.1
69.1 33.2 227.2
31.9 214.3 310.7
26.6 346.0 181.7
270.5 58.3 196.2
272.7 322.4 312.2
349.0 344.2 220.4
324.1 259.1 133.2
221.2 130.6 250.1
327.5 323.9 308.6
146.7 321.1 171.2
357.9 79.3 328.6
205.8 27.9 293.7
256.3 164.5 231.2
94.4 232.0 202.1
10.2 82.9 89.0
154.9 133.9 216.4
215.0 217.2 30.7
261.8 86.0 325.0
340.6 200.3 222.9
250.1 155.7 77.5
107.8 167.1 191.3
83.9 331.2 283.9
118.9 187.2 225.7
146.9 240.0 145.0
237.7 100.4 227.6
114.9 75.5 7.7
0.8 64.9 279.4
70.5 228.8 172.4
274.9 358.2 193.8
39.5 95.2 291.2
299.9 269.8 43.1
86.4 34.4 312.9
273.9 179.8 324.7
300.1 274.5 58.0
188.8 208.9 312.3
130.7 113.5 202.9
269.2 34.4 264.1
221.5 131.4 351.8
102.8 102.7 102.3
68.6 344.1 316.5
45.0 61.9 132.1
210.4 307.0 170.0
286.5 276.9 101.2
160.0 333.7 61.8
305.3 83.5 186.3
145.4 347.0 310.4
316.5 30.0 138.4
53.4 254.9 93.3
252.5 329.6 185.3
125.8 30.2 270.6
335.8 17.6 146.8
289.0 4.7 339.6
136.7 336.9 87.9
194.7 263.5 19.2
79.8 44.5 38.5
83.4 157.8 4.9
153.5 83.1 216.1
91.6 335.1 166.4
275.9 83.8 110.2
252.0 286.7 292.1
168.0 79.2 146.1
51.0 114.8 27.6
66.8 198.4 282.1
119.3 133.8 342.0
80.6 16.1 304.9
276.9 126.4 35.9
251.4 338.9 137.0
241.9 313.8 53.7
139.2 235.9 242.6
39.1 71.2 81.5
216.1 347.1 358.7
68.3 221.7 245.6
308.5 274.2 136.2
102.9 164.6 67.9
67.1 260.1 10.9
152.2 243.1 152.6
175.6 14.7 189.0
74.1 159.7 178.4
350.5 9.3 136.0
202.6 193.0 164.5
111.0 261.8 233.8
53.3 142.4 13.5
188.1 127.4 298.4
117.8 67.8 47.7
357.8 126.0 350.4
166.6 85.1 131.5
166.4 110.6 336.9
242.4 261.1 54.1
14.2 358.7 171.0
133.3 225.4 342.2
326.6 273.1 177.5
16.5 335.1 295.4
216.8 39.2 14.9
49.9 212.0 6.3
78.6 337.3 131.1
194.0 156.4 65.6
85.3 183.1 331.8
229.1 162.3 316.7
185.2 185.3 246.7
127.4 274.2 355.9
345.0 201.5 31.7
64.0 230.5 199.8
345.1 108.5 176.7
310.5 212.9 341.8
359.9 71.8 128.3
166.0 316.1 182.7
98.1 339.3 209.6
45.4 109.3 233.8
310.4 312.6 328.2
89.8 270.9 17.6
70.1 233.3 125.1
354.4 42.3 251.7
135.8 79.2 286.0
249.5 269.9 169.6
166.5 88.9 42.3
171.5 337.5 85.7
155.6 96.5 256.7
40.9 241.2 252.5
352.0 17.7 78.9
338.2 73.1 203.2
72.2 108.8 142.9
278.1 176.0 317.5
343.7 46.8 314.9
110.7 114.6 172.3
151.5 136.7 179.6
53.5 35.0 26.4
101.3 262.2 195.2
326.0 169.5 266.9
283.2 142.5 187.6
135.8 305.5 165.5
349.1 258.8 280.9
10.9 60.8 246.6
149.1 4.5 126.4
166.6 89.5 85.6
91.7 105.6 215.6
115.3 214.7 188.3
296.5 356.7 39.8
100.2 237.4 170.3
235.9 191.7 358.3
327.7 290.1 291.9
295.3 195.5 65.7
17.2 77.4 296.0
192.2 325.7 229.5
221.0 329.8 37.0
21.7 29.1 163.3
134.5 284.8 102.3
187.7 206.6 274.4
154.6 125.0 135.6
98.7 168.4 43.0
341.8 133.6 87.5
215.0 319.5 117.0
338.0 311.1 261.7
305.5 157.0 148.1
356.8 122.2 218.4
314.4 165.1 148.5
71.5 332.5 65.1
156.9 342.3 194.2
148.1 192.5 353.5
283.6 257.0 109.0
141.0 269.6 331.7
31.0 302.4 53.7
235.5 166.1 225.7
293.9 279.9 97.6
113.0 151.0 158.9
30.1 47.5 2.6
142.6 52.4 191.3
43.2 252.9 29.8
26.8 131.8 40.8
257.5 34.8 57.4
195.1 94.3 320.4
69.1 239.7 301.9
230.9 111.0 267.3
335.8 223.2 329.1
290.4 149.2 222.2
110.1 49.6 205.1
331.2 109.2 19.6
226.4 9.8 355.3
333.2 264.1 117.7
78.1 10.6 91.3