149.1 146.7 55.4
200.8 99.5 198.5
127.9 27.9 29.7
134.9 290.7 208.8
240.5 261.1 170.7
223.1 15.6 245.4
343.4 11.8 321.6
37.3 109.0 9.1
312.7 251.2 21.4
165.8 326.2 232.6
197.9 81.1 143.7
203.0 243.4 322.9
43.4 86.4 273.7
245.3 44.9 179.5
331.1 43.6 224.1
87.3 285.1 291.3
315.8 190.6 320.3
342.6 150.3 199.2
91.3 103.9 97.0
344.1 174.1 202.6
18.2 225.3 137.8
141.7 280.9 153.9
296.6 108.4 121.3
101.0 246.3 171.8
350.8 44.2 254.4
89.2 358.9 66.1
146.3 192.8 45.5
52.3 16.7 291.4
256.5 134.4 216.2
116.3 150.7 333.0
106.5 346.4 175.3
100.0 23.4 307.5
351.6 35.3 74.1
135.4 79.9 89.3
344.1 86.3 80.3
29.3 34.3 194.5
39.7 271.0 81.9
258.0 152.7 107.9
3.8 66.2 281.8
11.9 124.5 152.5
305.0 297.9 275.7
266.2 52.1 67.5
329.7 336.5 232.7
7.6 314.6 119.6
176.4 136.4 346.0
297.0 163.1 205.3
292.8 286.9 286.0
33.2 214.4 203.8
235.6 103.2 323.1
185.5 17.3 53.2
268.2 312.4 186.5
307.0 94.0 164.6
43.0 174.1 138.6
62.3 232.2 257.0
43.9 236.2 327.0
197.8 177.8 141.7
255.4 92.9 187.7
180.9 178.0 192.3
195.7 46.3 32.9
162.5 78.9 235.6
204.0 193.5 319.7
196.5 284.7 46.8
95.3 25.7 242.3
84.4 307.9 297.4
349.9 77.9 18.9
238.3 262.8 193.6
249.0 207.2 210.3
87.7 121.8 109.3
285.6 94.7 276.3
318.1 280.6 248.0
279.9 194.7 110.1
294.5 220.0 281.9
90.2 287.0 12.7
33.4 326.7 180.4
145.3 249.7 74.2
274.6 149.9 151.3
154.0 26.0 197.7
27.1 149.3 130.9
94.6 354.4 310.1
319.5 289.5 329.3
233.7 148.7 26.2
182.9 347.3 10.8
87.1 307.8 324.0
241.2 148.9 181.4
221.8 199.0 7.3
272.1 334.6 63.5
79.0 204.1 83.1
58.9 186.9 79.1
33.8 124.4 355.9
161.4 119.7 152.5
329.1 52.0 314.1
181.4 263.9 259.2
304.9 288.6 243.2
248.8 77.3 2.0
98.0 334.7 291.7
267.0 282.1 47.9
229.9 175.8 215.6
176.4 345.7 80.7
248.5 340.4 358.5
111.4 220.9 73.1
38.5 66.9 62.8
49.3 344.3 259.4
167.4 84.8 102.7
197.0 102.2 98.2
202.4 311.8 39.5
202.8 151.9 194.0
177.0 307.9 232.2
99.6 169.2 142.5
239.4 169.5 18.2
262.9 184.6 42.2
268.5 306.1 208.1
33.1 99.2 347.8
27.0 33.6 7.3
72.0 41.9 72.1
55.8 79.6 174.1
208.6 104.6 123.3
244.9 82.3 90.8
343.2 166.5 83.2
159.3 271.6 202.0
40.8 119.0 346.7
254.4 24.9 180.2
28.0 283.0 314.9
189.7 234.3 49.6
282.2 247.0 240.6
254.0 353.7 60.3
27.4 121.7 286.7
154.4 318.2 240.2
275.2 190.3 131.0
66.8 157.1 181.8
224.6 276.9 298.0
335.1 92.8 206.1
161.4 322.3 236.3
359.2 253.7 205.4
236.0 36.1 331.4
284.6 200.4 8.8
254.5 141.8 276.8
292.5 233.2 149.5
240.4 196.8 102.7
51.6 54.4 126.9
317.8 353.3 126.8
127.2 6.0 154.2
74.4 150.2 148.7
49.3 339.0 76.0
260.7 107.4 345.0
3.2 325.8 263.4
79.5 99.4 42.4
121.4 281.6 285.3
178.9 213.0 352.8
348.9 284.4 265.9
196.5 288.1 250.4
91.5 57.6 58.4
126.5 60.6 27.8
305.9 265.1 109.5
135.7 30.9 356.6
172.7 66.7 103.0
249.2 8.5 59.6
207.2 274.8 180.3
182.0 34.9 284.6
204.1 37.6 55.3
170.7 69.5 107.5
1.5 212.3 273.2
36.3 348.8 36.6
157.0 341.0 318.7
321.8 333.1 181.3
288.2 118.5 214.2
111.7 271.5 195.4
310.7 137.9 63.3
326.1 284.0 100.9
208.1 183.1 64.6
97.9 52.2 81.7
178.8 307.1 147.2
16.5 269.2 324.4
148.7 270.3 255.9
282.4 238.8 359.4
341.7 350.2 120.5
215.4 135.1 152.2
322.5 269.5 257.2
294.6 269.6 347.8
85.9 228.8 29.1
255.5 37.4 310.4
268.5 282.8 209.6
299.6 88.6 255.0
116.1 64.1 87.4
141.8 180.8 348.0
99.9 29.8 220.1
22.0 243.9 310.0
198.2 21.5 307.4
298.9 149.9 167.5
77.7 0.9 210.6
78.2 276.9 243.3
216.3 129.5 225.1
19.1 221.0 123.2
122.7 182.9 85.7
193.8 128.9 152.4
96.9 267.2 79.1
83.0 250.3 69.2
165.8 349.7 109.3
218.5 241.2 254.7
110.0 212.8 225.9
261.4 57.4 326.3
112.9 55.4 328.7
202.6 37.3 26.8
83.6 213.8 146.0
2.5 350.4 19.1
55.5 359.4 331.2
47.7 337.6 19.3
247.3 345.7 186.6
24.2 335.4 94.8
93.5 123.1 310.3
212.3 214.7 197.8
221.7 227.0 159.5
70.1 290.0 197.2
40.5 62.6 92.4
121.7 116.7 166.7
206.3 220.9 240.1
287.7 141.9 279.5
2.3 6.6 116.8
57.0 314.9 171.1
77.7 27.2 226.2
127.4 134.0 346.9
280.3 62.3 357.9
131.8 129.5 32.6
269.8 319.2 299.1
270.4 124.7 223.3
331.9 43.9 273.8
239.7 6.7 204.6
298.0 77.8 147.5
42.7 15.5 111.5
234.7 188.7 358.2
192.4 296.1 39.3
41.2 336.5 327.3
73.8 220.4 299.5
185.5 327.4 90.7
222.8 178.3 85.9
41.5 125.8 261.3
82.3 294.1 296.4
238.5 336.5 288.0
44.1 158.4 143.1
292.7 73.8 147.4
277.8 162.0 87.4
43.9 281.6 201.1
66.9 318.1 113.6
104.4 134.7 91.8
46.1 298.4 171.2
320.2 258.6 74.4
66.2 76.3 94.2
263.3 309.3 335.4
9.1 57.7 347.7
254.4 293.4 314.5
338.9 146.4 49.2
213.3 52.4 348.8
319.6 33.1 81.8
142.1 154.1 147.1
195.3 295.3 310.0
44.2 309.5 2.2
252.2 296.3 84.2
14.6 320.8 44.0
207.4 138.9 129.2
338.8 224.0 273.8
347.2 309.9 347.6
104.7 160.7 166.4
298.1 48.5 283.8
273.4 323.0 222.3
160.3 107.0 308.9
78.0 68.4 240.0
28.4 139.2 201.5
77.4 29.3 281.7
57.2 153.1 20.8
165.7 190.4 305.3
154.0 299.3 49.6
298.5 224.1 256.1
320.3 190.6 137.2
225.8 242.5 189.4
175.1 160.4 3.2
164.2 98.6 160.4
31.1 284.4 120.0
228.7 48.0 225.0
220.8 226.6 137.5
307.2 286.7 329.5
60.2 301.1 60.7
63.7 84.9 241.0
254.5 130.1 318.2
290.8 119.3 300.4
183.9 200.7 358.2
280.5 286.9 38.8
296.4 215.6 157.3
61.5 344.0 219.8
352.5 68.2 63.1
214.8 99.7 224.5
72.2 210.9 250.9
96.2 186.1 197.1
10.1 150.9 186.5
339.1 305.6 61.1
50.2 146.2 169.3
7.6 6.0 130.4
307.0 210.2 347.3
113.6 238.7 191.3
146.1 284.6 285.6
107.1 193.7 255.6
291.2 344.5 353.6
335.8 132.0 52.2
145.4 94.4 93.3
349.1 331.0 199.9
141.7 134.4 274.5
135.2 115.9 326.1
270.7 241.7 163.3
15.2 40.4 37.1
158.3 352.9 187.7
113.9 175.9 326.4
65.9 247.0 94.4
124.0 331.5 322.2
26.5 338.5 301.9
143.9 37.9 239.8
324.7 7.5 148.3
105.3 283.0 6.7
109.8 130.7 234.2
128.3 3.8 5.1
310.7 8.0 3.8
178.6 186.8 75.2
155.7 113.9 144.9
214.3 12.2 210.6
183.3 195.0 169.0
176.6 239.2 216.1
170.7 108.5 54.6
223.5 211.3 308.7
222.6 342.2 349.4
23.1 66.1 262.8
182.0 103.7 148.4
84.3 216.9 20.9
90.3 94.7 124.7
322.9 258.3 6.1
233.9 32.9 351.3
8.9 306.6 175.2
273.6 354.3 236.1
2.9 43.2 275.9
291.4 71.7 92.0
346.3 178.5 29.1
87.3 291.1 346.5
223.8 237.9 327.9
156.9 331.4 77.6
42.1 130.7 99.7
39.9 65.6 181.0
348.0 67.4 120.3
122.4 13.5 64.2
244.9 295.7 194.5
35.6 34.1 0.6
181.2 39.5 33.1
350.1 281.6 240.7
145.7 164.0 283.5
185.3 3.5 300.5
191.1 296.5 359.3
268.6 175.3 207.7
217.1 293.6 125.8
334.5 126.8 302.2
295.8 263.0 169.0
311.7 163.3 288.1
176.2 308.0 25.0
145.7 158.9 60.2
91.4 148.0 277.3
53.8 161.9 315.4
147.9 335.5 213.8
149.0 231.4 277.1
202.0 176.4 249.3
116.5 190.8 23.7
255.2 103.3 113.7
183.5 15.1 37.3
243.8 337.8 189.3
352.2 28.3 230.1
80.2 91.2 264.4
293.3 103.8 316.0
134.8 296.8 330.4
171.0 280.7 189.6
322.2 92.0 34.1
102.6 313.4 65.7
119.9 28.7 337.9
245.9 219.0 307.7
131.9 110.7 353.8
113.9 303.9 341.9
204.2 221.2 197.7
6.3 206.4 192.2
259.2 271.9 169.4
176.2 223.4 81.5
207.0 335.1 171.8
98.7 93.1 344.7
237.8 215.0 98.8
176.1 157.4 147.5
106.3 92.8 242.1
214.9 304.6 330.3
341.1 283.5 38.9
190.6 165.8 13.8
74.1 208.3 178.9
116.8 58.7 42.2
44.6 166.9 281.3
324.8 158.2 181.3
278.2 316.8 98.0
242.5 353.7 231.9
259.4 120.2 344.2
256.3 197.5 242.9
73.0 179.6 333.2
117.6 251.4 231.3
248.5 120.9 234.2
355.8 204.8 266.1
215.5 297.1 49.7
27.9 56.3 93.1
282.2 269.5 120.2
156.1 62.4 357.9
141.4 145.1 173.6
69.5 256.6 0.2
234.2 327.4 216.7
68.7 217.3 1.5
127.7 359.8 240.2
358.6 8.8 227.9
107.8 173.7 66.3
198.0 335.2 275.4
251.8 233.0 275.1
43.5 1.1 344.4
54.5 149.5 75.8
66.9 343.4 277.4
133.9 154.1 188.7
276.4 89.8 215.1
222.6 201.0 329.7
261.6 93.3 96.2
207.9 232.8 329.0
42.7 343.5 247.3
52.8 296.6 29.6
211.2 130.1 136.2
16.9 183.3 129.5
211.1 51.6 327.3
23.4 126.4 232.5
177.3 15.3 33.2
162.1 326.0 331.0
48.4 198.3 141.5
270.6 226.2 269.2
354.7 359.2 209.5
98.9 330.8 174.7
14.8 260.7 274.7
157.0 333.3 266.4
343.7 308.4 249.6
144.5 106.9 325.6
347.9 345.5 359.2
343.6 262.4 339.0
177.2 70.3 109.4
171.7 337.1 204.1
119.1 264.7 222.5
196.1 180.0 134.9
266.5 268.7 65.5
4.3 28.2 19.6
351.1 223.3 308.9
46.5 332.6 349.7
25.9 353.6 332.0
121.6 39.8 17.2
0.2 224.6 194.5
261.7 176.9 137.0
236.3 79.5 328.6
34.6 304.2 20.5
18.7 77.0 60.5
264.9 206.7 58.9
343.8 177.3 131.6
253.6 251.7 38.2
56.0 56.0 189.9
285.0 40.1 313.9
307.7 153.2 190.3
66.3 56.2 59.8
112.3 17.8 279.1
6.4 66.8 307.8
87.5 70.7 310.4
64.3 53.1 193.2
105.3 85.5 141.6
149.0 195.5 57.4
325.5 58.0 131.6
317.8 350.5 62.5
221.1 98.6 198.1
142.1 325.1 40.7
176.6 266.0 115.5
255.4 23.2 354.0
69.8 229.7 267.6
174.4 154.4 40.4
53.3 231.0 158.0
282.7 101.5 261.5
72.9 334.4 68.8
216.4 95.8 103.7
204.4 352.8 28.8
2.9 249.4 169.0
251.8 223.5 131.9
135.5 241.2 204.6
12.6 193.0 233.0
117.4 120.6 200.2
211.8 63.7 162.1
162.3 7.3 233.7
166.9 219.4 31.7
295.6 264.7 52.3
236.8 22.8 7.1
194.2 143.4 182.2
278.2 354.9 123.5
339.1 326.3 97.5
64.1 24.4 71.9
143.3 117.1 260.9
324.0 165.8 184.8
17.1 225.2 227.0
333.4 146.1 19.7
80.4 163.3 197.8
232.8 320.7 3.6
27.1 244.2 152.0
54.7 347.7 193.8
299.7 115.9 194.0
240.4 128.1 110.5
122.9 322.7 87.3
343.7 272.4 242.8
186.1 269.3 337.3
253.7 301.6 180.3
342.4 186.2 212.1
246.6 83.8 96.7
96.9 274.5 271.5
178.3 2.7 128.0
82.2 71.8 285.3
89.1 251.3 280.4
77.6 198.9 137.1
64.8 208.6 21.7
242.4 303.1 78.4
279.7 343.5 195.0
110.2 77.6 263.8
355.1 53.2 208.6
306.5 283.7 175.2
305.1 270.8 133.1
126.3 353.4 86.8
25.6 359.4 93.9
7.5 209.6 329.9
267.3 146.6 101.5
137.3 103.2 282.0
270.8 246.2 226.7
105.9 311.1 286.5
337.8 45.4 126.7
177.2 284.0 57.9
239.8 345.1 337.7
133.6 133.1 306.5
276.8 216.3 57.7
0.7 104.1 111.7
100.0 96.2 268.4
342.5 48.3 340.6
250.0 73.3 97.9
61.6 7.3 273.7
187.4 146.4 107.5
163.6 213.1 280.1
331.5 202.4 137.8
81.5 330.1 93.3
120.4 79.8 294.5
244.3 70.0 344.4
233.6 125.7 26.3
0.9 32.4 50.4
165.6 179.1 190.2
46.5 274.4 45.7
188.1 41.9 148.9
271.8 235.4 55.3
310.2 111.0 288.0
154.8 359.6 312.1
24.3 316.2 127.3
92.4 169.3 297.8
211.9 148.3 178.5
27.7 121.3 141.9
357.9 248.3 335.4
9.0 344.6 43.6
66.9 107.2 100.5
279.0 226.3 4.6
54.2 209.4 301.2
285.9 140.4 142.6
12.3 319.8 176.4
86.2 225.9 325.8
350.7 61.5 308.9
80.7 224.6 236.9
92.0 283.5 110.0
38.5 322.3 310.3
103.7 329.7 303.9
139.6 269.5 113.0
91.0 111.8 138.1
350.4 291.1 284.7
315.3 33.1 58.5
40.9 85.4 147.4
73.3 50.2 156.2
171.9 348.6 27.5
39.9 340.2 177.6
202.7 305.8 214.6
57.3 180.6 54.8
90.8 86.8 276.3
354.0 117.7 137.9
1.8 55.5 13.7
13.1 292.2 146.3
305.1 79.7 19.9
243.2 102.8 34.4
46.5 196.9 219.7
46.4 41.7 112.4
301.7 129.2 8.9
248.5 62.8 126.9
54.2 58.9 79.3
208.0 264.1 340.7
37.8 299.0 110.3
297.1 253.0 305.7
221.6 358.4 304.3
15.0 278.7 204.0
50.6 100.0 76.6
223.9 23.4 190.4
72.3 253.1 13.4
350.1 256.5 288.1
177.3 125.1 188.1
198.2 226.1 135.1
295.6 130.3 234.4
3.7 278.2 278.2
180.3 2.3 61.4
31.1 84.7 212.2
82.8 134.4 157.2
21.7 61.7 139.3
31.3 184.3 95.1
23.8 248.3 338.0
231.7 230.6 311.2
89.7 132.8 93.4
319.4 261.3 238.5
216.4 189.4 190.3
59.9 157.4 36.8
290.9 285.9 98.3
253.0 333.6 222.7
103.3 148.0 123.3
109.5 28.3 313.4
249.8 103.5 190.3
155.4 9.0 351.4
54.3 1.0 162.2
88.9 11.4 331.3
242.6 324.7 36.8
9.8 344.1 61.8
169.8 177.1 166.2
348.9 245.8 358.8
175.9 71.2 172.3
333.6 88.6 288.7
114.7 122.9 187.8
140.6 341.0 117.0
122.0 216.2 233.9
346.1 92.5 10.7
342.9 211.0 81.4
236.8 298.1 70.9
106.3 172.5 175.1
104.5 72.7 120.2
187.4 328.2 63.5
36.6 25.5 35.0
225.5 332.7 99.0
6.7 278.9 191.6
50.2 67.8 185.5
56.4 52.5 282.7
206.0 233.5 350.7
44.9 175.9 12.8
92.1 60.0 230.8
263.3 321.5 258.8
239.4 126.4 97.5
83.1 275.7 231.2
120.9 64.4 346.6
171.0 219.1 166.5
181.5 117.3 166.8
296.1 145.0 351.4
201.0 132.3 56.0
208.9 327.3 44.1
156.9 69.6 145.6
119.1 190.4 299.2
124.3 255.8 5.5
53.6 22.4 44.0
48.4 216.4 220.0
83.8 45.9 29.5
253.4 288.3 330.7
168.6 88.2 226.7
272.5 162.0 125.0
4.9 339.5 204.1
143.6 178.5 290.0
164.9 142.6 306.6
171.1 41.2 99.8
239.3 118.0 14.9
248.1 177.8 289.2
3.0 159.5 20.1
192.7 278.0 247.3
302.2 254.5 100.9
199.1 46.6 156.8
116.7 19.9 76.0
336.4 28.2 126.8
358.7 224.8 356.1
18.8 359.7 76.4
319.4 14.4 124.8
260.4 79.9 287.1
290.3 106.1 327.0
161.8 317.6 60.8
127.4 261.0 91.2
109.8 310.6 295.8
312.1 215.9 150.5
93.2 39.2 53.7
3.5 129.4 263.7
310.7 179.3 9.5
295.5 39.8 296.4
48.9 155.0 272.9
47.9 261.6 302.9
291.4 222.2 146.2
127.6 354.8 33.9
41.7 130.0 216.6
131.2 295.6 77.9
149.9 97.4 154.5
72.4 52.4 42.9
207.6 76.8 258.1
185.1 349.1 231.7
106.5 261.8 17.7
67.9 204.2 5.2
185.3 333.8 257.6
347.7 20.2 94.5
73.0 72.2 237.0
352.9 212.3 310.5
170.7 208.8 276.3
76.4 73.5 259.1
219.3 253.4 210.3
147.9 7.3 253.8
84.8 327.1 343.4
57.4 63.2 296.7
94.1 44.1 202.1
44.2 129.0 11.2
51.1 199.4 346.0
217.1 291.7 311.6
163.6 129.4 8.6
172.6 165.8 130.2
204.9 84.3 182.1
4.5 258.2 123.2
103.0 267.7 221.0
301.7 119.4 153.3
126.0 341.4 28.3
46.6 163.4 308.6
246.3 308.8 57.2
41.0 312.4 192.5
47.0 82.6 217.7
139.9 16.1 15.9
160.0 17.5 162.2
344.1 108.6 323.4
132.6 241.3 315.2
82.8 218.3 155.7
332.7 154.8 169.1
253.0 284.0 70.5
161.8 189.6 65.1
239.8 120.1 292.6
330.3 149.7 182.5
303.3 53.0 265.5
289.8 141.5 190.8
58.6 77.6 90.8
270.0 75.3 275.1
297.2 286.9 58.2
263.8 108.9 128.7
319.5 258.3 9.3
307.2 79.4 43.7
197.4 228.3 17.6
116.1 116.8 105.9
193.4 240.6 78.6
108.2 281.5 170.7
147.7 40.3 334.5
211.1 312.1 267.5
149.4 257.0 52.9
228.1 163.9 134.3
298.9 166.0 146.4
317.4 202.7 301.5
275.5 238.6 134.0
73.0 236.6 48.4
77.4 197.5 16.3
174.2 136.9 90.1
335.9 244.8 149.7
142.9 218.6 166.0
124.9 263.7 351.7
298.9 194.5 35.8
6.6 233.0 59.3
11.0 334.3 98.0
260.7 207.7 55.7
126.9 341.7 110.7
314.5 279.5 287.9
237.2 261.4 196.0
255.0 340.6 252.0
328.4 83.3 228.6
222.4 52.8 63.6
77.1 342.2 260.5
57.3 260.9 314.6
297.8 197.3 282.5
12.3 265.7 137.4
215.8 91.7 244.3
56.0 301.4 350.5
43.6 96.8 167.9
33.5 191.3 132.9
122.9 310.5 98.3
50.6 307.7 214.1
180.6 42.5 281.1
118.7 240.4 217.7
61.5 299.8 282.4
170.7 3.8 219.9
99.9 258.0 107.3
152.2 225.1 243.4
61.8 99.3 178.6
211.0 357.3 98.2
313.5 298.7 206.1
93.9 27.9 87.2
216.3 310.5 176.1
94.2 86.2 226.2
86.6 51.2 242.1
79.2 351.2 64.3
145.2 139.3 270.4
254.4 129.9 49.3
222.0 303.3 187.9
281.1 179.5 234.9
47.9 69.4 61.4
341.9 208.6 250.1
288.0 252.0 64.7
302.4 229.8 100.3
107.1 72.4 156.3
158.7 39.7 53.7
165.1 346.5 214.0
296.7 67.6 274.0
343.1 288.0 224.6
334.9 30.3 287.0
190.7 87.5 84.0
205.2 340.1 57.0
241.2 158.2 312.6
139.1 325.5 313.0
331.1 138.6 112.7
288.1 266.6 119.2
76.2 305.6 161.3
305.0 314.4 316.1
69.0 359.2 54.8
78.7 334.4 148.4
184.5 20.3 199.5
76.2 14.4 72.2
44.2 76.7 188.4
314.0 290.3 151.1
304.0 349.7 189.5
184.1 220.6 314.5
255.2 29.5 137.1
194.7 325.3 21.4
215.9 42.8 340.5
240.1 50.6 93.1
18.7 240.4 74.6
294.1 208.6 167.2
192.3 17.6 303.4
14.0 48.7 256.8
80.3 34.8 210.4
9.4 24.9 63.7
315.6 35.4 170.8
251.1 236.6 131.8
235.5 306.6 290.6
258.2 112.5 78.4
232.9 63.7 121.2
234.7 331.1 163.5
130.0 74.2 50.6
230.2 11.2 54.6
74.0 137.2 54.2
259.2 172.0 316.7
244.2 207.4 31.5
235.7 274.1 264.0
109.2 311.7 200.3
54.8 179.4 284.7
191.5 183.8 52.7
45.9 250.7 6.5
62.3 15.0 298.3
342.4 294.4 88.9
95.8 58.2 167.9
344.8 82.6 295.3
328.7 315.4 186.8
131.8 197.3 265.3
309.0 47.7 187.7
183.0 68.4 197.3
47.5 222.6 7.1
242.3 112.1 124.4
7.4 72.2 0.1
150.4 264.1 290.9
190.1 140.5 154.2
309.6 162.7 97.7
86.6 97.7 28.1
114.0 76.8 239.7
167.3 289.1 23.5
209.2 287.6 277.7
211.3 36.2 288.1
76.4 273.7 36.3
78.2 181.6 266.7
343.0 179.5 87.6
8.1 191.5 209.7
44.9 228.4 139.4
75.5 212.5 175.2
288.2 263.1 123.0
243.5 273.7 214.9
22.8 41.7 317.7
137.8 97.9 178.7
176.5 215.6 272.9
287.2 37.3 289.2
270.5 20.9 303.4
251.4 196.4 154.8
305.1 132.9 228.7
344.7 354.0 163.3
154.4 186.8 142.5
170.8 267.6 309.2
4.4 170.4 254.1
24.3 306.8 137.9
161.6 246.0 359.4
247.6 149.6 117.8
250.2 30.7 329.9
118.4 74.0 90.4
90.1 286.8 193.8
344.6 228.0 155.2
295.5 236.4 348.7
257.0 37.1 12.1
71.2 324.8 172.9
242.7 130.0 61.2
83.7 1.5 106.0
275.4 293.6 195.3
353.9 316.9 9.4
224.2 143.9 40.4
19.0 155.9 73.6
218.6 291.8 29.7
17.8 302.8 150.7
211.6 213.6 71.0
259.8 14.0 154.5
72.8 267.8 244.8
109.9 72.9 44.8
146.6 229.9 29.1
67.2 323.5 333.5
39.6 347.5 267.3
83.3 135.8 158.3
346.8 66.4 91.9
152.3 3.1 191.5
287.5 50.0 283.8
12.3 220.5 321.8
291.7 286.3 318.5
157.7 283.6 324.2
282.4 159.1 252.0
173.9 34.9 318.3
319.4 96.9 242.6
115.9 3.8 291.9
133.1 283.8 50.9
141.9 189.0 31.1
277.4 87.5 216.7
95.5 176.3 227.2
87.5 31.1 233.5
288.3 68.4 356.7
213.0 279.2 57.8
318.4 199.6 318.8
305.0 185.8 309.8
305.0 256.8 77.0
167.5 294.7 230.4
240.5 287.2 342.7
288.6 228.5 106.1
164.1 137.4 58.9
170.6 74.7 351.0
349.0 46.3 12.9
96.3 25.6 191.5
86.9 344.0 334.2
344.2 322.5 327.1
59.6 147.4 153.9
155.3 28.8 35.1
290.3 262.9 192.3
203.5 310.5 179.9
166.9 323.8 163.6
11.3 8.8 134.5
19.8 221.0 248.1
323.0 14.4 317.1
87.2 3.1 161.7
145.5 122.0 208.7
15.3 148.5 309.7
26.7 68.0 96.6
301.9 32.2 346.0
7.9 331.9 346.2
353.6 78.0 266.2
242.2 83.7 152.4
247.5 329.6 192.7
16.4 192.1 170.5
213.7 188.5 116.0
202.8 282.0 199.1
252.7 106.6 313.2
212.3 135.9 87.6
23.5 62.7 247.3
109.6 196.4 87.9
215.1 285.8 168.4
39.0 316.1 83.1
177.5 147.5 17.8
217.4 285.8 267.8
178.4 200.5 335.7
160.1 342.9 225.4
358.0 336.2 170.5
109.9 9.5 126.9
315.9 269.1 163.7
172.6 17.9 191.8
185.5 50.9 60.8
134.4 78.0 355.6
285.1 127.2 162.0
39.3 198.1 124.3
30.6 47.1 81.6
120.0 140.6 30.0
313.8 118.6 205.1
76.4 18.5 144.4
145.1 147.7 314.1
230.9 284.6 311.1
60.3 356.7 291.7
288.6 234.0 19.0
286.0 231.8 147.2
0.2 334.7 351.7
88.8 185.8 77.2
100.0 320.3 104.7
348.1 149.6 143.2
319.7 303.0 110.0
130.6 310.7 296.3
151.6 8.7 244.7
170.6 332.3 300.4
206.0 296.3 52.0
174.2 207.3 125.7
319.7 345.0 74.4
98.5 58.5 346.4
349.4 212.4 165.7
145.0 13.0 115.0
255.3 222.4 16.5
121.3 171.4 171.5
171.8 281.7 244.1
99.4 353.7 242.3
298.4 279.4 128.0
195.2 25.3 188.3
267.9 6.2 294.3
189.9 126.7 194.8
234.1 8.9 176.2
140.7 20.4 208.3
221.2 246.0 68.7
281.6 31.8 309.6
322.6 262.3 67.3
266.8 299.3 294.1
141.9 174.0 214.0
62.9 311.4 314.1
276.4 167.8 324.8
112.9 290.2 139.8
114.3 185.1 247.6
29.0 61.9 124.5
106.7 237.4 301.3
78.2 43.7 147.4
332.4 294.6 66.9
314.7 314.2 167.4
52.2 135.0 11.2
342.3 155.5 301.4
210.5 226.5 246.3
90.5 265.0 5.2
257.1 213.3 5.1
0.5 358.5 178.3
96.0 225.5 127.6
268.0 38.7 98.0
281.9 214.1 260.9
102.3 151.9 270.5
272.9 330.6 284.1
124.6 188.4 165.9
254.6 183.7 81.5
255.5 235.0 327.1
320.9 8.8 296.5
121.2 285.3 340.1
96.2 300.1 341.1
127.7 106.1 221.2
92.2 32.2 315.1
9.8 232.6 106.1
44.3 350.1 341.4
74.7 239.8 91.3
160.5 355.6 359.0
301.1 90.9 338.5
245.9 131.9 325.6
264.2 358.3 215.2
84.1 296.8 161.1
332.3 189.5 80.0
130.0 161.5 315.3
151.8 295.7 77.3
35.8 320.8 253.1
46.3 214.3 27.1
98.8 13.7 159.1
255.3 266.2 164.6
54.5 35.6 327.1
258.4 343.0 131.5
196.7 193.0 293.1
312.4 109.3 359.1
220.0 260.1 41.3
337.1 238.9 209.7
175.0 149.1 35.8
142.6 324.5 5.8
69.6 160.5 37.7
245.7 193.7 173.9
353.5 273.8 348.8
220.6 71.6 158.9
331.4 289.9 127.6
61.3 343.9 200.1
279.5 153.4 253.2
179.6 331.3 102.5
95.1 150.6 288.5
277.1 62.8 154.0
245.5 138.2 180.4
187.4 26.6 240.1
54.1 247.7 263.5
277.8 212.7 156.2
333.3 29.4 101.0
154.3 245.3 294.8
340.9 335.9 222.1
187.3 265.4 109.1
100.7 223.1 42.6
255.2 289.9 56.9
124.6 55.5 39.0
251.5 214.4 333.0
176.8 272.3 101.2
334.1 143.5 248.2
101.3 211.6 142.6
318.3 105.4 146.2
79.5 293.4 91.0
77.9 292.1 333.4
21.9 24.4 184.7
101.5 294.0 177.6
211.3 86.6 241.7
102.9 247.9 154.3
198.9 146.2 22.7
223.0 147.2 35.2
301.4 204.2 351.1
323.9 158.2 320.2
7.1 1.7 312.4
355.7 249.7 74.0
103.5 34.9 128.8
213.9 103.6 186.0
163.3 295.2 232.8
80.1 307.9 109.4
250.6 125.9 92.7
208.7 154.5 281.2
204.7 113.3 175.8
229.3 296.0 142.8
237.3 353.6 236.4
134.8 256.5 149.3
3.3 357.8 147.1
125.3 4.1 125.9
177.9 21.1 176.4
152.6 58.0 294.8
153.2 155.0 345.0
132.8 304.3 83.2
265.8 145.9 44.0
76.1 41.8 280.7
175.9 318.1 303.5
143.8 245.0 115.8
271.7 339.0 108.0
173.3 270.5 358.2
147.0 317.7 349.6
40.5 221.3 298.6
238.5 334.2 352.4
300.4 224.5 132.5
96.0 238.8 271.3
148.2 260.5 33.6
231.6 230.3 255.2
71.0 11.5 70.2
113.0 206.8 303.2
351.0 305.0 66.7
241.3 25.7 247.5
124.7 207.6 81.1
41.2 136.4 225.5
184.7 355.7 207.4
142.8 204.2 175.4
215.5 359.8 151.8
349.8 165.1 210.8
318.0 213.9 228.7
270.8 57.5 289.6
11.8 119.1 15.3
292.1 308.1 52.2
47.0 152.9 230.5
38.8 200.2 88.2
247.4 168.9 66.8
244.8 285.0 269.4
326.6 292.4 46.3
157.5 14.4 92.7
137.2 209.0 36.4
69.6 21.6 325.8
252.1 8.4 183.5
349.0 223.9 111.8
140.1 149.7 226.4
275.2 238.1 204.4
13.7 38.5 7.3
164.4 1.5 172.1
220.9 215.3 342.4
302.9 78.5 65.6
347.4 108.2 93.0
186.5 308.4 290.9
64.7 294.3 63.0
316.0 165.0 181.3
267.0 135.9 195.1
324.2 140.9 175.9
61.2 101.1 337.2
188.8 37.2 8.2
350.6 183.7 119.0
348.5 290.9 199.2
92.4 269.7 155.8
316.2 151.2 275.1
136.4 202.2 181.4
343.6 66.8 14.6
67.9 182.3 305.8
106.0 341.4 324.2
237.0 190.8 277.1
127.6 108.6 155.2
306.0 359.1 271.4
247.0 103.0 40.1
206.1 6.5 58.6
122.2 177.6 88.7
36.7 355.3 143.4
260.2 171.4 283.8
117.7 179.0 26.1
334.1 162.1 291.2
336.8 212.1 77.2
152.8 179.8 356.1
292.7 91.7 187.7
88.6 26.9 301.3
5.4 220.1 283.0
85.7 193.6 237.4
222.5 270.0 102.1
27.8 226.3 101.7
101.5 119.2 321.7
146.9 85.2 313.5
5.7 261.4 231.2
282.9 36.4 74.4
194.0 49.5 188.4
291.9 291.1 78.3
129.3 153.3 42.1
344.1 150.4 223.0
133.9 278.8 50.4
45.5 319.0 240.2
141.4 102.2 299.2
297.4 15.4 283.0
88.0 30.9 238.0
137.6 336.6 6.1
147.3 88.5 190.1
2.9 357.1 70.9
123.1 325.4 19.0
115.5 133.7 29.0
311.0 205.5 288.1
179.7 9.0 0.2
301.3 269.0 321.5
147.0 150.8 35.4
329.7 178.1 94.8
248.8 33.0 178.3
226.4 129.3 235.6
188.2 359.8 330.8
113.8 69.1 45.0
255.3 57.6 49.4
211.0 140.0 168.3
263.5 147.1 295.9
171.4 25.1 178.4
317.0 225.5 112.5
201.2 24.5 77.2
20.7 81.4 221.3
115.6 322.4 182.3
205.1 84.4 306.3
152.2 359.5 200.0
237.3 142.6 262.5
175.5 231.7 248.3
267.2 20.4 119.1
213.0 311.8 313.1
173.4 339.6 185.7
159.6 80.2 178.6
331.4 265.2 283.5
170.7 93.3 236.3
228.6 229.7 0.9
168.9 192.1 131.5
84.6 18.5 163.2
149.0 338.4 34.3
265.7 200.4 332.2
1.7 61.2 166.3
317.7 188.1 324.9
229.2 322.3 270.9
100.8 321.2 158.6
132.2 263.1 141.5
319.7 163.3 351.0
181.2 290.5 259.8
349.0 94.5 133.2
50.6 119.4 241.2
287.5 163.4 174.9
27.1 25.2 110.3
266.6 290.7 281.7
285.6 279.7 332.2
23.1 132.9 50.9
67.8 0.7 9.7
334.5 192.9 85.0
52.0 271.0 148.7
329.0 36.7 249.3
109.5 51.8 274.8
132.9 9.3 270.9
291.4 262.1 342.4
212.2 63.5 348.5
217.3 252.6 4.7
101.0 331.1 170.4
182.9 120.0 51.8
260.2 28.2 178.5
263.6 303.2 10.8
226.5 263.5 110.4
90.8 129.3 336.0
139.5 167.9 135.5
99.8 57.4 91.7
271.4 270.1 12.4
240.0 30.0 205.8
36.7 270.2 166.0
93.5 246.3 151.6
309.8 17.8 99.0
247.8 3.6 248.5
217.6 124.1 255.8
145.0 27.3 257.3
62.2 164.9 165.4
108.3 295.9 231.8
42.2 3.1 194.5
244.6 165.4 288.7
45.0 105.1 325.9
326.7 26.6 69.6
240.3 64.7 204.6
42.3 309.5 233.0
262.1 209.4 20.7
32.9 20.1 97.2
273.9 137.1 90.6
99.4 192.3 40.7
273.8 246.1 253.7
144.4 20.8 218.1
268.9 265.4 205.6
131.7 60.0 52.8
218.8 202.0 72.8
36.1 272.7 197.3
301.8 52.8 38.8
43.0 314.6 52.0
200.1 253.8 171.2
188.7 157.7 77.2
85.1 263.6 94.4
48.2 47.3 24.2
51.6 293.3 146.5
155.7 214.9 46.0
280.5 55.2 0.3
45.1 313.5 114.5
199.9 277.0 189.4
4.5 55.5 223.4
31.1 44.0 250.9
11.9 115.0 328.4
17.5 172.7 43.8
198.0 304.9 64.6
107.7 304.4 157.9
1.5 125.7 125.5
167.3 147.6 257.6
81.1 197.9 275.5
54.7 359.8 193.8
128.0 232.5 322.7
27.6 201.3 192.5
190.7 252.5 93.0
206.8 181.2 23.5
261.1 182.7 359.2
152.1 231.4 97.9
318.7 322.3 7.4
45.7 238.1 194.4
308.8 109.3 251.8
183.7 13.5 40.6
253.8 40.3 42.9
338.3 332.3 276.0
38.6 11.9 241.4
196.3 213.5 66.9
80.9 96.8 262.0
53.8 149.2 82.1
217.7 56.3 165.9
124.7 298.6 56.0
178.7 158.1 105.3
14.3 254.2 319.3
215.3 70.8 141.6
50.2 316.9 160.2
106.2 211.9 58.7
274.2 298.6 128.8
102.4 10.2 119.1
293.0 64.7 96.0
292.8 100.2 340.8
322.0 357.4 232.1
81.9 144.6 245.7
289.3 227.0 156.0
273.1 330.2 355.7
219.3 205.0 118.5
147.8 333.1 127.9
356.0 132.9 137.3
79.7 251.4 88.0
165.6 304.9 267.7
33.8 149.4 14.1
293.4 115.9 166.8
278.8 312.2 284.4
16.4 189.3 73.4
305.5 140.8 242.2
268.2 101.8 288.9
29.0 314.8 19.4
347.6 218.0 151.8
222.2 132.8 77.2
76.5 352.9 236.3
212.8 341.3 115.9
254.2 296.4 93.7
18.0 355.1 327.1
30.5 201.4 222.2
36.6 242.6 180.6
227.4 115.0 282.8
37.5 200.6 18.8
304.3 188.2 81.5
65.8 32.4 195.2
27.3 114.5 59.8
116.2 84.7 101.6
22.6 247.1 315.3
83.2 62.5 158.1
92.4 341.2 72.3
349.2 37.3 204.1
133.4 105.1 230.3
255.5 102.3 178.8
57.9 170.4 301.1
132.9 128.7 105.0
1.0 181.7 4.5
159.8 129.8 166.0
238.3 81.1 291.1
80.8 252.1 1.7
257.5 12.1 59.8
268.2 127.5 184.1
190.9 357.8 312.0
67.5 234.6 327.6
202.4 59.8 66.9
332.1 132.9 227.7
25.8 34.3 306.1
201.7 305.7 336.4
332.9 277.7 339.1
30.2 98.3 16.5
93.0 108.1 39.7
102.7 197.8 2.9
140.0 227.3 184.6
78.7 205.2 213.5
64.7 105.0 165.2
209.0 130.5 338.3
196.2 59.0 316.7
202.2 70.0 330.9
232.7 310.4 175.1
342.9 36.2 83.0
228.1 110.2 195.3
115.0 223.1 55.5
336.6 23.3 320.7
135.2 102.5 77.4
277.6 25.4 204.6
219.7 165.8 157.9
18.9 195.7 164.2
44.6 354.7 276.5
171.3 141.4 288.7
35.1 80.5 345.0
339.2 65.1 295.8
283.9 330.5 121.2
184.2 47.4 254.4
119.1 104.7 95.7
250.1 173.9 295.9
39.9 31.6 150.9
9.1 358.3 294.7
141.2 304.9 57.1
301.9 58.2 121.5
118.6 81.2 232.7
105.6 83.8 216.5
219.8 226.5 217.6
334.4 222.7 194.6
69.2 64.0 355.9
192.2 330.4 244.2
345.6 339.1 163.9
22.2 113.0 214.2
272.1 212.9 31.9
191.4 269.9 307.0
100.5 275.1 193.2
83.4 273.1 50.6
268.2 134.8 162.7
271.6 180.9 342.5
266.4 154.2 60.4
25.6 133.3 293.0
322.4 252.6 342.1
54.9 169.3 190.8
183.0 288.6 10.9
336.6 47.0 23.4
87.0 279.7 151.3
194.4 249.9 237.5
109.1 66.7 117.1
121.2 207.4 105.1
106.2 70.4 286.1
305.2 18.3 329.0
197.9 315.5 109.9
244.3 206.5 303.5
25.6 341.2 87.5
131.0 306.9 327.7
2.3 59.9 15.7
84.0 281.0 186.9
271.1 256.3 329.7
139.6 288.9 89.4
198.8 58.1 321.8
199.7 359.2 149.1
260.1 302.0 230.6
139.6 225.5 309.2
84.2 166.5 250.2
150.7 189.6 63.0
274.2 12.4 335.6
143.4 182.4 328.0
195.0 78.1 297.0
6.7 149.4 70.5
158.7 86.6 358.1
352.6 166.6 288.7
67.1 63.2 217.7
107.5 108.5 312.5
101.7 68.6 219.0
303.0 298.5 346.5
255.0 30.0 341.4
302.3 265.5 215.7
352.7 332.4 149.7
77.3 21.0 151.8
355.1 132.0 64.6
284.6 355.4 314.2
65.3 228.7 256.4
40.3 266.6 67.3
341.4 250.1 161.4
235.8 235.5 232.1
210.5 115.3 137.6
310.4 93.9 190.6
141.2 205.2 193.4
295.6 54.2 317.3
0.9 354.6 230.1
61.5 61.3 172.6
33.0 263.5 43.9
24.5 83.0 48.4
287.4 314.5 62.6
240.3 215.3 26.1
48.9 161.7 297.3
285.2 44.6 314.0
208.8 83.0 244.7
184.8 318.8 277.4
176.0 328.3 346.4
260.5 154.4 170.6
42.9 13.4 157.9
146.4 267.1 241.5
317.1 32.7 181.3
233.0 314.5 232.3
103.7 318.3 62.2
343.4 124.6 220.3
201.6 330.0 18.5
124.4 185.3 262.3
339.7 139.7 30.9
65.9 301.8 201.2
343.1 71.2 333.4
61.7 143.6 123.6
175.2 56.9 131.9
98.5 358.0 24.5
208.6 268.0 245.5
145.1 109.7 294.1
215.4 128.3 96.7
282.4 246.7 180.3
145.5 21.4 216.4
265.2 318.1 152.3
344.8 357.9 221.1
237.0 45.8 245.1
122.1 58.8 2.7
295.8 152.3 335.9
217.9 264.1 180.3
218.6 111.7 13.9
208.2 224.3 170.4
320.1 4.2 356.0
294.3 213.6 199.4
214.6 53.8 353.7
159.7 72.0 140.9
4.7 54.8 103.2
229.2 128.3 344.3
245.7 177.1 114.0
67.7 105.4 206.5
341.9 277.4 84.0
205.9 358.9 54.7
172.0 226.8 122.7
287.9 69.7 336.4
156.5 43.3 47.1
321.0 76.0 263.9
261.3 93.7 252.7
341.5 80.8 104.1
59.0 251.4 314.3
219.1 104.0 345.2
205.5 62.9 294.4
144.3 317.4 169.2
341.4 331.4 263.8
315.6 224.3 104.5
300.2 130.3 177.4
37.7 312.6 153.6
325.4 314.2 351.7
191.1 34.0 214.9
108.5 246.9 77.6
274.3 95.5 202.8
127.8 305.7 181.3
281.4 81.4 159.9
192.5 32.5 62.2
237.9 122.1 37.3
352.4 5.3 153.4
113.6 82.9 141.7
319.6 39.0 207.1
121.5 227.0 286.9
265.4 88.4 320.4
301.3 8.5 63.7
105.0 277.5 333.5
301.6 314.5 125.9
92.0 310.3 155.5
113.0 242.7 69.9
118.5 94.9 24.3
338.7 25.6 293.5
195.8 159.5 310.7
65.8 24.6 42.2
114.2 198.5 173.2
75.3 50.2 39.0
194.9 169.5 26.6
229.7 138.3 257.2
195.2 298.5 178.0
216.1 60.7 97.5
276.9 25.6 333.9
326.7 30.2 311.3
232.7 347.2 286.8
39.2 191.3 35.7
5.2 120.0 249.3
160.4 356.9 125.4
32.3 348.1 175.4
148.7 53.1 346.0
35.9 150.0 174.4
0.3 274.3 134.0
309.8 11.4 233.6
98.7 284.9 276.3
149.5 49.2 69.2
32.8 342.6 42.4
151.6 178.8 341.0
292.1 295.5 13.2
174.4 259.4 58.6
10.6 164.4 124.9
227.2 156.9 288.9
95.2 118.9 86.3
267.9 233.1 315.5
12.7 148.1 158.2
316.7 320.8 119.2
78.1 355.8 90.4
108.8 247.8 118.3
133.1 209.8 40.8
136.5 188.6 66.4
0.2 192.0 326.7
113.9 214.8 121.1
281.3 287.2 211.5
326.6 253.5 13.6
125.8 229.0 273.1
24.8 36.0 162.3
298.2 74.9 203.9
295.5 215.0 107.3
284.6 19.5 325.6
271.9 188.3 63.3
350.4 1.5 60.6
316.5 129.3 138.7
166.5 114.7 352.1
190.7 89.3 103.7
161.6 38.4 273.1
350.7 43.3 9.6
161.0 247.9 132.3
284.8 132.0 339.1
39.5 350.1 200.1
319.1 178.3 185.7
177.8 174.5 190.5
340.8 349.1 3.3
85.0 324.4 105.9
133.0 41.7 357.6
200.6 303.6 347.8
232.5 44.6 205.9
45.7 192.8 40.0
165.2 116.2 356.5
206.4 79.4 68.8
167.2 117.6 124.2
156.7 320.4 17.2
251.2 41.9 263.5
231.5 313.9 264.4
97.4 53.3 342.1
129.5 177.5 31.1
286.3 234.7 308.6
172.5 343.5 91.5
221.0 166.3 249.6
313.6 255.8 288.4
354.4 224.5 50.0
307.4 243.2 281.4
286.2 228.8 285.7
45.9 52.1 150.8
158.8 160.6 218.3
189.2 24.6 189.1
90.5 314.8 280.4
250.8 49.0 60.9
199.2 24.5 341.0
334.7 325.5 339.4
78.8 195.1 19.4
140.4 289.9 49.3
215.1 323.5 222.9
342.9 43.4 216.9
218.0 102.9 353.3
255.7 16.9 249.7
213.4 277.0 130.2
189.3 325.4 325.4
239.5 209.3 121.9
210.1 92.3 304.2
116.9 57.6 196.3
76.4 167.7 308.8
192.3 147.1 290.5
63.2 345.4 75.9
359.3 141.4 167.0
190.3 69.6 275.7
131.3 31.6 184.5
321.7 213.0 255.1
295.9 335.7 152.1
210.2 185.1 310.7
230.6 107.0 65.6
297.9 151.0 192.9
140.8 297.7 205.3
276.0 264.4 151.1
7.2 133.2 228.6
293.5 185.0 192.4
264.7 73.4 128.6
106.9 229.2 273.6
191.7 194.8 107.6
168.1 34.3 62.1
281.1 126.2 141.0
184.8 215.1 170.3
87.3 272.7 267.1
338.7 303.6 340.6
19.4 153.5 61.6
296.4 310.0 106.4
84.3 132.8 225.5
80.5 188.3 47.0
84.3 116.0 215.2
136.2 283.9 292.1
147.0 296.2 239.7
160.6 281.7 92.6
220.8 158.7 213.6
67.0 349.2 345.6
208.0 265.9 161.4
81.0 60.3 15.2
64.8 179.3 89.7
223.8 10.3 66.8
188.8 95.8 42.4
276.5 132.0 176.1
184.3 147.6 129.1
18.2 150.9 294.6
117.5 268.8 307.2
11.8 278.0 206.9
201.0 143.9 179.6
200.6 45.9 179.3
189.9 243.8 227.8
159.7 184.3 7.8
325.4 348.3 336.6
353.5 239.7 99.5
280.2 46.7 194.5
286.1 310.6 244.3
350.7 343.7 3.9
212.9 111.3 253.1
315.2 298.0 252.9
11.0 49.4 231.3
216.1 244.7 206.0
221.6 353.8 42.9
256.7 115.7 20.0
223.8 277.5 168.5
104.1 319.0 242.0
184.3 137.3 164.3
112.9 111.9 172.2
161.9 1.2 89.8
271.7 288.6 327.8
195.8 246.3 267.0
262.9 149.5 72.3
82.2 225.0 178.6
257.1 25.2 146.7
342.8 16.4 299.2
111.0 80.2 301.0
352.9 63.5 59.1
205.4 51.3 196.7
184.8 319.1 191.7
118.0 181.3 105.4
133.3 158.9 319.9
156.8 97.1 80.0
171.1 312.9 206.4
313.3 65.7 125.2
174.9 133.0 340.7
176.4 240.4 247.4
10.3 158.8 317.4
159.4 68.4 275.5
29.8 258.0 72.8
44.2 119.6 6.4
164.9 189.9 175.3
97.9 107.9 286.6
103.5 310.0 266.6
246.2 86.9 134.3
248.8 206.4 98.0
239.2 227.5 84.9
54.5 287.1 4.5
113.4 22.6 83.1
330.2 303.4 229.1
211.3 266.1 111.4
137.1 86.0 199.3
311.9 239.0 239.0
189.3 345.3 129.1
321.6 84.3 234.6
235.8 273.5 28.0
251.2 219.4 341.7
214.1 329.4 39.3
343.0 102.5 350.7
168.7 302.3 160.4
181.2 312.8 260.7
84.1 201.4 308.2
318.6 36.9 163.4
285.9 212.3 178.0
220.3 91.6 308.4
5.5 89.1 39.1
20.3 281.0 327.7
181.0 176.1 147.7
136.0 300.9 305.6
239.2 148.6 163.1
318.8 211.1 315.3
199.0 38.3 198.4
301.6 21.7 53.0
303.6 82.4 54.2
187.5 185.4 95.3
48.4 349.4 271.7
76.0 151.4 68.7
331.5 310.8 294.4
145.3 232.9 181.8
19.8 110.1 353.6
258.5 298.0 154.7
250.8 226.2 34.0
231.1 191.1 139.9
230.4 200.1 5.3
221.9 336.2 90.2
111.9 98.7 32.1
44.4 162.8 35.0
273.4 234.1 21.3
25.6 110.5 226.7
229.1 323.7 245.1
106.8 169.2 224.4
189.2 342.4 327.7
29.4 319.4 34.4
326.7 82.6 15.1
357.6 161.8 123.9
314.2 91.0 139.2
19.6 197.6 344.7
289.3 28.0 53.5
289.5 327.9 224.4
43.6 39.6 185.0
343.7 317.0 274.2
261.9 182.0 135.5
241.0 93.4 298.2
212.0 333.9 159.3
75.2 255.1 66.0
67.7 320.6 135.1
27.1 80.8 354.2
18.4 199.4 254.7
179.8 51.6 137.7
185.9 257.3 112.7
253.6 11.2 290.8
337.7 254.2 279.1
116.1 178.6 257.1
70.5 126.9 297.9
194.8 274.0 48.7
183.8 53.1 39.6
21.5 262.1 96.9
293.2 179.8 315.7
76.3 150.8 250.7
67.1 222.5 133.3
177.8 297.3 116.3
227.9 238.4 150.5
30.3 247.3 357.1
284.3 230.7 0.7
57.0 298.7 158.6
142.9 168.4 330.8
50.5 31.6 67.6
306.4 126.6 5.9
318.7 16.3 298.1
305.3 199.4 50.1
196.8 2.0 261.2
169.7 281.6 111.6
359.4 47.3 348.8
109.8 256.7 24.1
287.1 215.4 322.9
172.1 288.3 195.2
27.3 149.3 198.5
56.7 171.0 35.6
110.2 91.2 90.0
62.8 133.7 180.3
118.1 175.0 348.6
193.6 277.3 143.3
317.7 257.5 56.6
144.2 181.7 193.6
261.8 97.6 13.0
88.9 0.9 104.8
339.8 2.9 203.4
229.4 102.5 75.6
341.7 221.0 41.7
13.2 71.4 253.8
344.9 204.3 78.9
258.7 204.5 238.7
137.2 195.6 75.8
19.7 290.3 45.4
53.3 266.0 8.0
116.1 98.0 233.0
118.0 299.7 82.8
319.8 240.6 277.2
39.1 253.3 200.9
263.7 300.2 297.3
249.1 355.0 8.4
234.9 71.2 140.7
250.8 221.2 293.5
208.4 59.0 87.6
281.8 55.6 248.8
240.4 171.6 26.2
141.7 333.5 103.1
15.3 307.6 155.8
73.8 239.7 172.0
321.0 319.8 338.0
247.1 257.8 217.1
261.1 31.9 234.4
211.2 127.9 112.9
207.5 275.3 302.7
250.3 300.4 293.5
160.1 206.0 192.7
340.9 314.9 5.5
9.6 359.3 359.4
20.8 225.4 37.8
75.4 118.3 26.9
5.8 313.8 256.9
166.1 165.0 109.0
226.8 97.3 322.1
241.4 211.5 19.8
215.9 269.5 102.5
78.1 225.4 194.4
348.9 225.3 285.6
95.5 209.9 354.2
337.5 215.1 87.9
351.3 359.9 151.0
125.5 132.8 354.4
316.9 159.8 118.4
314.7 160.6 195.3
249.3 146.0 247.4
236.9 253.8 155.6
77.4 226.4 208.8
328.1 300.5 65.0
2.8 126.2 93.3
116.3 217.1 211.9
241.1 184.2 1.4
316.9 283.1 77.7
178.3 148.0 228.0
37.7 102.0 66.7
277.5 252.2 319.0
7.6 291.1 21.1
41.2 177.5 194.4
200.8 54.6 251.8
52.7 284.6 295.8
301.5 273.5 194.7
10.0 215.7 4.3
32.8 341.4 115.5
126.9 112.5 31.8
261.1 99.3 311.7
2.2 274.6 246.3
43.3 21.1 308.4
153.8 106.9 16.9
117.6 106.9 241.4
73.1 212.4 31.1
42.6 234.2 75.2
208.6 276.6 253.1
340.1 306.5 70.4
61.6 276.7 9.3
148.4 8.5 191.0
230.1 224.0 88.4
188.5 53.9 77.0
272.3 33.3 193.6
35.5 230.3 108.9
253.3 70.6 117.0
133.2 263.4 163.4
171.4 161.9 207.7
92.1 84.6 212.7
83.9 281.1 278.1
144.6 228.9 301.3
95.7 216.3 0.4
290.5 359.3 47.7
294.4 233.0 38.3
207.8 188.9 291.2
21.3 339.2 354.7
207.0 169.5 183.7
35.7 208.6 256.3
290.7 145.4 113.0
231.3 58.8 299.9
257.1 328.3 18.4
81.2 212.3 264.7
1.1 322.4 267.9
8.1 142.2 6.7
104.8 253.6 247.0
225.6 163.9 41.3
202.9 79.7 95.5
98.5 14.5 330.1
26.5 296.0 169.6
132.7 1.2 181.7
43.3 251.3 308.3
121.8 248.8 29.8
344.8 250.3 304.9
171.2 11.7 67.2
123.0 42.5 277.8
233.2 336.4 207.4
349.2 117.7 266.8
67.0 97.4 45.7
108.6 72.2 325.3
7.6 67.1 327.6
241.4 181.3 334.5
148.1 197.8 225.0
358.0 3.2 32.5
56.9 60.6 332.4
168.4 52.1 181.1
265.2 42.8 75.8
302.8 329.4 26.6
343.8 29.2 241.7
320.2 194.6 28.9
45.8 288.0 199.5
113.6 67.4 299.6
309.7 268.7 65.8
7.2 220.2 163.9
117.7 16.8 291.6
157.2 149.8 359.7
305.4 315.9 120.0
4.4 239.8 198.4
175.1 114.5 173.2
294.1 289.0 68.4
94.6 222.9 256.4
331.0 22.5 301.5
101.0 326.9 59.4
37.0 131.6 67.3
200.0 207.8 45.5
294.8 344.7 70.1
49.4 78.8 139.7
32.5 233.8 44.3
270.9 254.8 216.2
283.4 18.0 258.0
302.8 253.6 242.1
2.6 282.6 104.2
190.1 284.2 182.6
107.7 37.5 32.6
323.8 138.3 175.7
226.8 89.3 297.6
356.7 117.1 303.4
320.2 240.2 86.7
187.5 20.3 101.6
28.8 136.7 347.0
132.6 291.8 350.6
305.5 338.9 161.9
276.4 194.6 108.5
234.1 125.8 113.8
208.4 200.3 64.5
176.7 99.8 168.7
182.3 138.3 313.0
161.1 171.5 2.2
147.5 341.2 197.1
140.1 143.0 160.6
279.0 90.5 200.9
155.4 213.7 202.3
167.7 329.8 270.9
152.2 256.4 59.2
178.4 163.5 259.3
287.2 305.0 350.0
324.4 332.6 233.8
230.4 45.3 339.3
120.3 321.2 358.9
28.3 47.2 110.7
348.8 81.7 274.3
236.5 169.1 27.1
203.2 242.3 24.5
240.0 137.1 219.0
273.4 39.1 178.6
185.2 107.7 94.3
5.4 119.2 152.3
91.7 201.1 176.5
319.3 38.5 102.2
299.3 229.7 242.9
134.6 121.8 230.7
135.7 75.6 49.2
342.1 207.0 352.6
174.3 167.6 57.6
8.4 99.6 139.3
179.4 191.3 27.4
10.0 270.0 147.0
168.9 64.3 61.3
66.4 347.0 151.3
337.0 191.0 264.6
134.5 204.3 122.4
246.0 6.6 9.5
334.7 35.2 205.2
33.0 325.0 29.3
184.6 301.1 273.9
355.9 301.9 265.2
285.2 292.5 93.8
225.4 337.7 165.1
240.0 330.0 260.6
208.5 249.5 13.0
157.2 123.8 147.1
66.6 65.8 232.9
180.1 136.7 141.6
203.4 109.6 152.7
217.0 312.0 255.6
101.6 239.5 123.2
214.5 74.0 351.7
56.9 210.3 189.9
71.6 80.5 233.5
334.9 191.7 63.7
164.4 59.2 320.5
168.0 100.5 17.9
227.6 239.0 92.5
131.7 227.9 180.7
243.2 47.5 277.8
292.0 173.8 98.3
317.6 329.6 143.3
286.4 142.8 295.4
290.3 28.8 140.4
227.5 343.6 201.0
99.9 259.6 124.6
323.9 261.3 270.2
126.7 168.6 125.2
152.2 307.0 195.5
293.4 287.4 305.4
351.3 84.5 336.2
262.8 70.3 4.7
358.1 303.9 316.8
71.5 231.4 301.7
43.1 59.9 179.1
178.4 124.1 297.9
207.5 181.0 338.6
250.0 176.5 55.2
329.1 228.2 212.0
4.2 273.3 355.2
148.5 66.5 63.4
232.9 179.8 51.8
124.4 108.1 211.0
27.9 82.4 72.1
111.6 348.3 328.9
328.2 357.1 354.9
138.1 137.1 272.4
77.1 191.6 175.0
349.3 11.8 215.2
6.7 224.9 10.3
22.7 181.4 63.8
271.7 354.4 244.1
159.3 286.3 220.5
39.7 77.1 18.2
131.3 301.3 146.6
12.1 320.0 338.0
348.4 312.4 85.6
119.9 232.2 26.4
188.8 108.4 303.7
236.4 263.7 70.5
74.1 117.1 134.1
226.7 275.3 110.0
27.4 67.1 184.1
177.6 11.7 79.1
1.9 314.7 309.6
260.4 116.3 356.3
130.8 42.2 248.2
340.8 332.8 137.5
248.0 57.5 199.9
171.0 15.7 300.9
356.0 298.9 265.6
234.0 141.8 292.6
111.7 66.6 91.3
317.0 229.0 147.8
262.3 144.5 199.7
268.8 26.8 117.8
179.8 130.9 281.2
152.3 171.8 83.8
168.4 133.3 203.8
265.5 311.9 234.3
264.0 65.9 230.9
261.6 168.4 152.2
107.2 49.8 71.7
261.2 349.8 349.1
6.9 173.1 261.7
292.1 29.1 348.0
301.4 93.1 192.1
40.5 342.1 330.6
273.4 175.9 186.1
132.7 116.7 350.8
88.7 1.7 283.7
37.6 326.8 309.9
250.4 260.4 232.7
164.2 183.8 209.6
63.0 108.3 161.3
23.1 54.1 243.2
130.8 189.8 203.8
241.0 224.1 133.8
283.7 235.1 12.9
354.5 191.3 177.8
357.0 64.7 216.5
7.7 113.5 224.0
351.8 279.2 209.3
153.6 27.7 246.8
224.8 190.8 343.7
175.4 119.3 137.5
105.8 280.6 348.2
284.9 119.4 96.8
309.0 215.2 23.5
358.7 89.7 346.3
11.3 348.8 59.0
22.6 236.6 115.2
254.5 190.2 83.4
302.0 18.8 352.5
85.5 285.9 175.0
77.9 187.0 187.6
344.5 80.5 27.6
92.5 90.3 270.2
129.8 162.0 313.3
218.5 237.4 320.3
25.5 108.0 149.6
330.7 21.2 183.3
104.3 11.5 262.4
134.3 57.2 311.5
109.6 116.4 171.9
343.3 11.6 133.8
354.4 136.5 170.1
150.9 134.8 64.7
238.1 131.7 173.4
11.4 113.4 2.7
290.5 190.1 213.1
322.5 304.8 145.6
197.0 136.1 353.5
82.4 52.2 281.3
164.1 216.7 146.1
166.9 284.6 133.5
99.7 351.8 171.4
40.3 32.4 210.3
262.8 161.7 292.2
176.0 4.8 40.1
256.8 189.5 311.1
348.4 334.4 88.0
252.0 71.1 236.0
294.7 328.7 323.9
135.7 218.1 296.3
207.2 177.8 64.3
185.4 106.0 201.1
320.0 19.0 333.2
4.1 228.2 339.3
175.1 304.9 311.9
212.6 192.3 48.7
263.6 24.5 56.7
84.5 263.2 29.1
284.7 14.6 218.0
62.8 353.7 251.0
147.1 343.0 289.9
25.9 136.1 102.1
251.6 160.2 150.9
339.5 269.0 207.9
203.4 13.2 81.4
213.3 261.9 157.1
170.1 84.0 233.8
289.3 322.8 225.3
46.4 327.3 53.0
337.6 358.1 221.6
339.4 165.6 279.2
74.2 315.3 325.3
217.2 262.8 50.7
288.0 135.1 215.7
282.4 50.5 3.4
39.5 327.2 356.0
162.4 206.0 223.3
44.1 277.3 314.3
79.1 184.8 288.5
24.1 248.2 29.1
215.4 294.3 145.9
311.4 347.1 173.7
316.1 1.8 62.0
161.7 106.6 183.9
19.6 24.3 204.2
56.3 20.2 200.8
63.1 112.4 293.9
169.2 180.0 219.3
345.4 97.7 254.4
305.5 41.9 41.7
9.0 34.6 280.1
251.0 121.0 272.6
137.8 280.8 254.8
83.8 169.0 255.7
240.3 134.8 251.2
63.2 353.7 1.7
303.3 65.3 345.7
244.3 121.0 233.0
138.3 95.4 271.6
347.0 77.8 280.1
202.7 28.8 327.9
312.1 21.8 86.4
98.8 346.8 144.1
341.6 83.8 350.1
317.5 152.7 350.0
231.9 323.2 12.5
285.8 9.0 149.7
241.0 248.3 120.0
61.2 252.8 118.1
306.8 201.1 60.4
197.8 74.1 28.3
285.7 344.2 134.3
25.4 309.2 42.0
237.4 356.1 48.3
295.0 152.2 315.4
311.7 252.9 265.2
168.0 130.0 55.0
101.4 131.3 346.4
98.9 82.1 43.7
104.5 294.2 213.6
83.4 229.9 192.9
277.5 28.5 114.1
203.1 180.2 174.0
319.0 341.9 100.4
252.8 147.9 260.5
351.9 260.2 233.5
131.0 215.9 93.3
39.5 213.9 196.8
258.5 357.7 147.7
136.5 77.8 195.2
190.4 284.8 205.4
165.5 16.6 262.4
252.6 330.5 219.7
117.9 179.3 249.3
157.4 162.2 172.0
39.8 304.9 74.1
131.4 163.5 319.7
86.4 163.3 334.1
8.9 3.3 221.8
112.3 242.3 185.4
131.0 152.9 253.3
105.5 68.5 301.1
155.2 90.1 269.5
43.7 129.8 136.2
118.3 336.0 91.3
171.5 280.5 122.1
126.9 335.0 334.6
5.5 259.8 327.2
284.2 333.1 70.3
73.5 89.6 28.5
330.8 181.9 215.4
194.5 228.2 110.8
105.8 141.6 318.8
224.2 303.5 115.6
45.9 127.5 78.1
153.7 25.9 302.7
204.0 67.1 233.4
324.9 138.9 307.3
33.1 162.7 94.1
92.3 59.0 239.8
203.7 342.3 173.8
28.0 145.7 313.3
275.2 23.1 302.4
171.4 86.2 312.5
104.0 166.7 59.2
300.0 166.8 57.3
216.3 92.4 215.9
45.6 82.6 206.7
304.7 97.1 340.6
113.5 278.2 8.8
89.2 289.4 91.3
119.5 244.6 114.8
224.8 345.3 325.4
296.1 217.8 344.2
242.3 96.0 49.8
105.1 106.9 161.1
351.5 331.0 61.9
269.2 206.0 39.5
319.3 169.1 4.8
31.9 24.7 257.5
87.3 359.5 345.8
179.8 174.5 185.5
37.3 165.5 159.9
14.0 19.6 263.1
229.7 15.0 309.3
106.0 348.3 239.3
286.2 9.7 304.1
22.2 136.6 94.6
208.8 304.6 280.3
235.5 96.9 237.0
314.3 167.5 241.8
233.4 158.8 334.4
336.4 70.4 83.4
161.2 348.2 214.7
125.7 10.5 220.4
212.0 10.7 167.9
308.5 155.2 353.2
79.4 153.2 323.8
96.7 118.6 151.3
281.1 310.7 287.3
328.4 217.2 133.3
347.0 240.2 358.0
312.7 37.9 204.4
311.2 297.1 289.3
311.6 317.1 218.6
37.0 204.8 151.4
169.4 214.1 29.6
136.6 28.2 32.2
163.7 81.2 208.2
85.8 79.9 93.5
71.1 123.5 12.9
298.6 292.0 304.2
331.2 279.8 132.1
232.1 250.8 209.8
227.7 94.2 221.4
307.5 0.0 317.1
201.1 52.8 338.3
343.3 3.2 270.4
286.2 61.2 243.0
166.4 190.8 96.0
327.7 139.6 215.4
93.9 199.1 103.2
182.8 282.3 51.9
157.6 322.7 92.3
290.0 228.3 322.1
251.1 292.1 29.1
119.1 30.7 242.3
356.1 184.4 307.9
250.1 294.7 53.7
184.7 174.5 338.9
241.2 156.2 0.3
27.8 59.4 329.0
311.8 353.3 117.6
349.1 348.5 151.4
228.2 162.9 232.9
199.8 53.7 302.4
25.5 22.2 154.2
296.9 351.1 40.3
126.2 49.5 252.4
11.3 11.1 69.6
37.9 292.0 95.0
106.0 81.9 284.3
60.4 183.8 244.3
268.7 130.2 262.7
103.7 103.9 123.7
353.9 38.3 16.0
300.6 96.5 3.2
181.9 55.1 14.1
296.4 342.6 324.8
21.2 219.4 82.5
0.8 285.4 276.9
26.5 265.7 95.2
180.8 167.6 287.3
238.0 163.5 94.3
100.8 296.1 207.0
56.5 83.4 177.4
121.9 91.3 72.2
69.5 289.5 16.5
186.0 103.9 30.7
20.2 7.3 38.3
268.0 150.8 301.1
128.1 153.6 90.2
243.1 354.5 254.0
54.1 101.9 190.0
6.7 300.0 304.1
318.5 230.2 338.8
285.4 324.0 240.9
343.2 3.5 189.4
303.9 323.1 150.0
141.1 271.8 332.8
184.8 76.1 218.5
223.6 106.0 114.4
169.8 64.3 309.1
78.3 291.9 290.3
310.2 27.1 290.7
150.9 40.6 195.1
127.4 332.7 52.0
360.0 277.5 29.1
198.3 263.2 342.0
343.2 172.9 149.1
164.2 126.4 222.2
316.0 183.5 101.2
230.7 326.2 355.9
155.1 312.7 280.5
302.1 295.9 45.5
330.5 92.4 150.1
291.8 243.7 299.8
49.3 125.1 283.5
217.6 59.3 159.8
346.2 247.7 296.7
189.3 179.0 123.9
278.9 322.7 258.3
332.9 268.4 142.8
184.8 6.5 314.1
262.4 3.1 53.0
254.3 81.2 95.3
302.1 251.8 137.6
129.8 203.8 21.2
78.2 2.5 228.2
46.9 270.5 354.4
93.3 115.4 48.7
15.9 325.1 47.2
24.4 323.9 12.2
111.2 299.5 195.9
122.5 302.2 37.6
97.1 196.8 172.8
155.4 166.0 88.4
146.8 78.1 338.8
5.8 47.0 43.7
151.0 290.5 353.5
319.7 139.5 169.9
314.1 302.6 268.5
48.5 254.8 91.1
2.3 355.9 115.8
250.3 83.8 101.4
162.2 197.5 356.4
272.1 91.6 205.9
226.6 75.1 358.8
197.7 286.0 59.0
211.4 96.4 107.4
290.7 312.0 299.7
206.2 107.4 142.6
152.1 344.8 231.7
182.1 55.9 288.6
135.5 312.8 245.7
337.1 13.7 196.3
109.3 263.8 246.0
181.7 295.1 326.6
170.4 12.1 193.1
84.2 187.0 37.6
352.1 231.3 27.8
5.2 49.7 12.7
184.0 34.4 296.4
333.1 42.2 216.9
237.9 146.9 141.9
185.0 51.6 143.2
6.6 271.3 53.5
290.6 15.6 191.5
127.6 281.6 148.1
91.2 4.6 29.0
30.5 275.2 162.9
221.5 38.5 20.9
88.9 153.1 324.5
256.2 62.8 127.6
251.7 7.3 132.8
142.4 81.7 218.4
189.7 174.0 254.7
68.9 288.7 327.7
289.3 222.4 136.6
9.4 280.4 130.8
150.0 142.1 279.0
300.4 187.2 253.9
178.3 84.0 216.6
323.6 209.5 255.1
156.0 299.4 272.9
215.5 196.3 100.5
49.7 238.0 23.1
321.0 198.1 103.5
133.7 110.4 347.5
133.5 2.2 260.6
43.4 38.9 142.9
311.6 286.7 311.5
316.7 39.3 101.1
344.0 22.0 90.0
312.6 325.3 49.8
212.6 198.1 132.7
0.9 333.8 273.7
107.2 68.1 121.1
126.6 85.8 128.2
15.1 62.6 274.9
180.5 325.5 114.3
29.2 213.1 130.4
174.1 217.4 118.1
301.6 14.5 99.8
41.4 119.0 88.5
13.1 278.3 46.0
99.7 336.4 145.9
136.6 35.9 90.8
72.2 252.1 252.2
212.8 252.1 249.3
239.0 130.2 142.8
95.0 280.2 286.7
31.4 52.1 32.2
80.5 171.0 16.3
92.8 260.5 143.6
91.3 329.6 281.9
88.5 59.2 13.6
127.9 180.8 207.5
267.6 342.6 236.9
238.8 327.6 164.6
142.8 53.4 12.5
88.0 346.2 177.4
279.8 183.7 16.3
84.7 13.1 133.1
162.0 28.7 167.1
2.6 4.2 318.3
152.9 254.8 353.9
164.2 63.1 12.1
282.4 178.9 278.5
55.8 6.9 109.0
352.3 307.3 50.6
336.1 128.5 41.2
194.7 250.0 156.6
107.7 5.8 161.8
43.8 188.1 33.8
272.9 231.8 43.9
47.6 40.2 315.8
237.2 48.0 342.4
186.5 38.4 23.9
75.0 321.1 58.8
5.2 59.6 25.2
242.3 192.8 202.1
41.2 37.4 91.3
146.1 304.1 320.3
150.5 211.6 65.5
63.5 50.7 130.0
148.9 113.0 157.8
148.1 81.7 37.5
139.7 286.7 5.3
302.8 178.9 116.7
89.3 33.4 93.6
113.2 5.0 282.2
125.5 151.9 170.7
275.5 200.4 256.8
303.2 267.5 251.8
103.3 256.6 120.6
319.6 307.5 168.8
156.6 297.0 67.5
55.4 327.0 328.5
248.1 95.4 192.0
177.5 134.9 171.6
258.0 219.1 304.3
116.8 272.9 114.5
255.2 141.0 273.9
61.8 348.4 331.5
322.4 241.9 11.5
340.7 296.2 306.6
298.5 288.5 61.7
332.6 145.8 7.6
19.1 321.2 28.3
160.2 147.9 36.0
210.5 158.5 134.1
266.3 136.1 86.5
262.1 3.9 316.3
16.4 265.1 314.3
214.6 284.9 17.7
188.1 298.0 319.3
328.7 330.0 240.3
66.5 235.2 332.9
1.0 149.1 287.0
68.7 257.1 44.8
15.0 100.5 203.2
64.9 157.1 175.2
7.5 101.7 314.5
82.9 52.2 38.5
321.4 231.7 184.1
30.9 150.6 360.0
11.4 288.5 278.7
168.5 154.6 154.7
339.8 70.3 214.2
274.5 279.9 224.6
14.8 173.9 267.4
222.4 147.0 206.8
310.6 145.0 109.7
299.6 13.3 171.2
184.1 121.9 267.9
247.8 223.1 254.1
299.4 99.6 304.1
240.5 82.3 5.4
346.4 327.9 325.5
73.8 344.3 195.7
199.1 123.4 340.3
149.9 178.7 349.0
253.8 72.9 104.8
23.9 213.9 82.3
347.5 342.8 300.0
9.7 205.4 293.4
333.2 113.8 210.7
355.6 347.5 29.9
119.1 288.3 264.2
309.8 338.8 88.6
285.2 204.3 32.3
299.9 123.4 14.7
312.8 185.4 344.7
329.7 79.1 224.2
167.9 319.3 246.9
227.4 151.9 268.8
21.3 243.9 264.5
173.5 198.0 340.0
324.3 44.2 94.5
325.5 319.6 335.9
47.3 165.0 106.1
304.4 246.7 10.3
43.4 32.1 155.6
271.6 328.7 222.6
268.2 23.6 204.3
335.8 181.8 310.9
244.2 344.2 230.5
137.0 163.2 342.1
12.7 8.7 158.7
238.5 14.5 116.8
7.3 194.1 81.0
235.1 354.1 194.2
301.9 12.5 332.0
253.3 68.9 331.3
109.2 270.2 131.9
272.0 157.3 310.0
50.9 13.7 95.1
333.4 4.6 342.3
175.7 208.3 325.7
265.1 284.0 235.8
196.3 201.2 65.5
161.7 9.9 157.6
119.5 177.1 200.4
348.3 101.5 43.9
185.4 115.1 178.3
354.0 129.9 244.1
291.3 255.3 174.1
287.5 111.1 179.9
129.5 60.5 266.3
145.4 160.1 346.8
308.7 310.6 131.0
59.7 216.3 59.7
238.7 51.6 243.7
303.4 218.2 146.0
218.9 273.1 24.7
36.2 198.5 222.2
79.0 338.1 318.2
91.5 172.9 109.9
53.7 66.3 273.1
94.2 71.0 129.5
176.3 135.9 78.8
197.8 341.2 294.8
225.6 204.0 76.6
17.9 330.4 80.0
73.6 343.9 183.8
64.6 91.7 339.8
72.1 68.4 235.2
359.9 25.6 261.5
236.0 18.1 38.9
27.5 100.8 349.5
46.5 48.8 107.7
12.5 79.4 226.2
212.7 124.2 144.7
114.1 85.0 148.9
178.3 10.8 235.1
154.5 352.9 170.2
234.9 66.0 78.4
284.2 239.8 53.0
255.5 195.8 272.6
260.2 289.6 42.2
100.6 167.4 133.6
245.9 248.4 231.3
272.5 275.8 259.1
91.9 270.2 198.0
240.3 286.8 57.5
105.9 148.3 49.3
328.5 184.9 348.1
305.3 258.6 207.1
68.5 254.4 91.9
203.9 11.0 225.3
179.8 65.3 136.8
227.4 76.9 310.9
331.5 1.8 73.5
340.4 1.5 94.5
285.6 114.8 213.7
70.1 7.9 221.2
41.6 284.9 172.7
223.9 351.2 47.7
307.8 2.2 285.4
176.3 160.0 132.9
224.3 51.1 352.9
178.9 232.7 80.7
138.5 267.6 299.6
51.3 4.9 354.2
281.1 102.4 282.1
114.1 147.9 168.6
140.7 246.4 10.8
189.3 307.2 42.4
354.5 285.5 155.8
99.2 340.4 353.1
334.6 12.7 222.3
270.6 171.0 323.4
162.2 135.0 227.3
11.1 266.5 211.9
167.5 183.3 106.3
158.5 239.9 132.6
309.0 205.8 322.3
323.4 162.6 189.5
276.8 96.5 103.1
348.9 334.1 163.2
130.5 275.3 319.1
348.2 69.7 37.1
38.5 147.5 190.2
349.3 144.0 57.9
209.9 130.0 29.8
321.7 93.7 191.2
309.9 67.2 156.0
30.9 140.7 193.8
197.2 279.2 160.0
46.8 43.3 334.8
151.9 300.5 324.9
247.6 34.2 79.6
150.6 226.2 136.8
238.6 262.0 140.3
40.6 187.5 296.2
39.6 74.3 231.5
82.5 183.8 275.1
325.9 245.9 197.7
55.0 16.3 49.5
148.2 123.1 283.7
230.1 89.3 338.5
358.6 194.8 94.1
357.5 308.1 59.9
78.1 72.9 231.7
341.8 39.2 194.9
116.6 215.9 338.6
82.4 267.9 103.5
159.8 172.0 315.3
315.5 33.3 307.5
313.1 329.2 71.7
100.2 175.1 136.1
323.1 255.0 21.2
326.0 288.7 72.8
289.9 240.9 156.3
339.9 98.8 279.8
238.9 280.8 224.8
231.1 148.7 356.2
168.8 201.4 163.5
93.3 84.7 199.9
313.3 297.8 146.4
220.5 220.9 138.5
55.2 262.2 280.4
291.5 237.2 315.8
291.5 9.0 276.7
68.6 286.0 10.5
117.3 108.0 172.6
113.7 352.5 154.0
78.3 298.0 48.4
11.3 57.1 69.4
268.6 166.7 287.0
40.3 184.2 219.6
14.4 148.6 296.7
329.2 61.3 274.0
44.6 274.4 30.6
150.6 223.4 120.8
209.6 203.2 57.7
225.7 23.1 250.1
91.3 37.3 8.6
288.0 116.6 69.3
32.8 210.5 144.3
127.5 29.7 284.2
35.3 172.0 209.9
319.2 163.9 351.4
216.7 177.9 128.9
189.7 30.2 336.7
302.6 174.1 261.4
180.5 291.7 213.3
22.3 103.6 25.8
235.0 3.5 199.0
21.0 356.6 221.0
209.5 108.4 64.6
23.8 35.9 114.2
348.2 357.4 218.7
228.6 90.8 237.3
88.9 335.6 215.3
4.2 51.5 166.3
307.6 80.4 301.1
319.0 55.0 242.5
235.5 147.5 295.7
201.9 129.3 155.3
217.5 294.7 184.1
109.2 55.7 308.3
304.1 295.8 338.7
72.3 359.8 247.2
313.4 75.5 312.6
317.9 264.0 55.4
4.1 14.8 252.1
220.5 123.2 294.0
350.3 337.1 0.3
301.2 107.0 234.5
293.0 71.2 192.1
329.0 159.7 336.4
73.5 95.8 208.0
218.9 267.3 350.4
291.2 240.8 266.5
200.8 10.7 258.4
164.1 341.0 279.1
52.3 46.1 0.6
121.6 331.6 255.5
133.5 86.8 323.1
230.6 142.7 247.9
294.8 181.4 216.6
172.2 27.6 102.6
198.8 27.6 339.8
184.2 62.5 233.2
276.4 198.1 8.1
305.7 45.8 199.4
103.1 276.6 309.7
18.2 51.5 356.9
293.7 172.3 176.0
54.3 50.6 170.0
101.1 161.1 168.3
248.1 339.5 90.7
332.8 32.5 163.9
216.8 315.3 337.3
50.4 318.9 211.1
96.3 159.5 152.3
325.5 54.3 206.2
263.1 294.2 275.8
21.8 237.5 233.6
6.7 239.4 43.6
105.1 148.4 204.2
332.3 175.4 269.8
75.9 61.4 254.6
227.0 13.7 159.2
295.0 342.3 244.2
140.5 297.4 231.7
39.7 277.8 205.3
301.4 358.9 31.9
86.8 240.4 261.9
274.2 241.3 16.5
313.7 3.4 25.5
99.1 134.9 235.0
291.5 67.0 83.2
310.0 246.3 70.2
297.9 87.1 263.6
312.5 58.8 221.0
310.8 80.2 224.1
248.6 75.5 134.0
203.0 254.5 185.4
208.9 106.4 247.9
227.2 107.2 279.8
212.2 55.2 6.5
337.3 134.7 298.6
184.5 256.6 125.9
326.6 68.6 272.2
221.9 132.2 166.9
93.3 190.6 260.3
127.4 60.4 5.6
3.3 162.2 126.8
221.1 276.1 81.7
134.7 89.0 186.8
277.4 255.3 34.6
279.7 338.6 192.7
65.5 84.8 267.2
23.9 165.3 92.1
129.9 145.2 198.4
39.3 176.9 268.9
328.6 339.5 254.9
263.9 286.7 1.8
12.8 185.7 72.3
351.1 117.3 309.9
50.4 43.1 233.0
351.4 133.3 177.7
231.9 218.1 303.9
107.8 249.6 75.2
335.5 85.3 318.0
14.6 31.1 321.9
53.1 349.8 170.0
300.5 287.1 265.3
316.9 194.0 273.1
187.5 140.0 33.7
292.6 295.7 352.7
330.1 149.8 20.9
36.2 202.5 85.7
189.4 280.1 43.7
218.5 309.7 278.2
21.5 304.5 350.3
283.5 255.0 349.5
143.1 118.4 230.2
0.3 212.6 146.5
330.5 318.8 43.9
99.2 250.0 250.6
332.2 122.1 295.1
245.9 56.8 238.7
177.2 110.3 206.2
67.8 119.5 211.0
296.9 114.3 171.2
216.8 246.8 179.2
61.9 247.9 280.6
122.4 27.9 212.4
245.5 256.4 282.7
125.8 207.5 269.6
228.6 13.6 329.7
121.0 80.3 62.1
221.0 20.7 80.6
44.3 201.2 310.6
270.7 125.3 274.4
187.5 320.5 181.9
103.8 317.5 252.9
180.2 160.7 278.4
285.2 95.0 103.6
51.2 249.3 125.5
215.4 207.5 85.8
203.5 240.0 91.3
324.7 151.6 245.1
159.3 166.1 224.8
232.3 46.9 183.5
285.9 341.5 349.2
88.0 187.6 274.3
89.2 274.2 110.6
71.7 298.4 67.9
246.0 328.0 100.5
138.8 4.7 197.2
167.5 179.3 147.9
87.7 250.4 85.0
239.1 60.9 276.3
231.6 228.6 298.2
171.6 41.1 322.2
188.2 42.7 59.0
79.5 182.1 57.2
246.4 135.5 115.0
182.1 60.4 183.6
195.5 27.0 105.3
228.7 130.3 215.1
288.2 173.1 197.9
279.5 95.9 147.8
161.8 1.3 22.6
304.5 217.0 116.5
354.5 141.9 260.1
88.2 316.4 234.2
246.5 118.8 211.9
343.6 70.3 115.4
91.1 162.8 126.7
143.1 259.3 348.8
259.8 48.6 240.0
343.6 3.5 305.1
30.4 75.8 115.7
169.4 226.1 17.4
108.0 167.5 338.7
297.4 219.2 227.5
149.4 209.6 316.2
110.3 312.6 113.9
20.5 133.2 221.0
292.1 107.4 174.2
93.4 33.4 344.8
71.7 5.0 146.9
290.4 92.5 19.2
42.1 88.1 274.4
278.0 43.5 217.8
239.8 52.2 126.7
280.6 169.0 198.0
231.2 190.9 155.0
276.5 273.2 117.8
87.4 173.6 11.8
62.6 290.8 321.9
123.4 70.2 296.1
157.1 26.6 60.5
233.0 130.3 119.9
155.6 277.0 0.7
97.2 268.1 331.0
2.0 327.9 204.4
353.2 15.9 294.5
251.3 213.8 194.2
12.0 30.6 100.6
166.8 274.6 204.8
307.2 115.1 290.8
84.4 134.4 2.8
259.9 73.8 102.4
146.8 200.6 111.4
108.3 214.8 9.4
308.0 311.1 192.6
67.5 84.1 97.6
229.2 304.6 217.6
97.8 244.7 259.9
51.5 244.4 87.4
326.6 94.6 108.4
348.5 322.2 242.9
342.7 35.7 243.1
288.3 333.1 186.1
185.4 300.2 288.6
340.7 176.6 9.1
311.0 239.7 323.4
230.6 142.4 113.2
351.3 175.9 124.1
271.3 19.7 85.1
343.0 66.9 69.8
195.1 44.6 86.0
165.2 277.6 94.1
259.2 162.4 17.9
258.8 176.7 66.1
64.9 240.6 14.1
122.5 184.1 88.0
8.5 320.3 331.3
56.4 125.3 221.3
93.2 74.2 105.9
239.6 297.7 82.3
120.3 267.1 339.7
33.7 158.3 359.2
191.5 161.4 315.9
191.9 269.6 231.4
176.2 75.5 103.6
238.8 212.4 29.8
228.1 69.7 236.5
200.9 226.1 42.3
215.6 126.8 160.9
235.2 104.1 286.1
7.1 323.5 105.5
46.9 332.8 70.3
334.9 150.5 199.9
151.0 163.8 277.4
157.6 350.9 267.5
5.7 277.5 333.3
113.4 24.3 304.2
294.7 80.5 29.2
318.1 123.2 214.2
309.8 345.5 22.8
268.8 153.7 33.4
42.7 186.4 170.9
343.8 163.7 351.6
310.4 36.7 46.2
39.6 327.0 176.9
107.8 215.6 36.1
249.4 29.1 306.4
270.2 171.2 311.4
49.0 349.2 1.2
128.2 315.8 63.3
49.2 128.4 304.3
315.3 50.7 234.6
176.6 2.0 195.0
242.9 291.8 38.0
327.0 121.0 249.5
268.2 274.7 198.5
143.0 9.6 253.6
340.5 294.5 256.4
235.7 214.7 58.0
156.2 42.1 299.1
40.8 309.3 217.3
87.3 58.8 110.2
119.1 202.5 106.1
234.3 241.9 209.2
142.6 6.2 85.1
123.8 246.4 150.5
99.5 212.8 245.4
218.5 15.6 120.5
190.0 334.7 326.7
119.7 351.9 23.1
99.7 176.8 174.1
192.6 154.8 91.1
177.5 251.8 98.3
92.5 29.4 44.3
67.3 316.8 145.8
212.4 238.7 71.6
54.4 115.9 169.8
294.3 86.6 278.7
323.3 165.7 300.7
289.3 333.6 53.8
69.4 120.1 198.7
267.5 300.4 110.8
30.9 21.1 264.7
274.0 1.1 133.7
336.2 3.7 208.7
260.6 322.9 12.6
38.2 314.0 260.5
54.5 179.7 113.8
172.5 233.0 229.1
155.6 229.6 157.1
8.1 85.6 113.0
148.2 220.1 190.0
36.9 201.8 251.9
206.1 135.4 96.2
28.2 2.5 223.5
132.9 258.9 32.3
74.5 159.3 212.5
327.6 33.0 207.2
24.0 14.9 225.9
103.3 141.9 128.5
185.1 240.9 268.3
152.6 63.7 286.6
107.1 322.2 182.9
226.4 42.4 121.1
16.5 127.8 103.8
293.1 270.3 117.0
359.5 203.2 194.9
183.7 90.3 20.6
187.1 14.3 120.3
192.1 99.1 231.8
191.1 190.6 4.1
132.0 67.1 125.2
119.8 94.7 246.5
288.3 6.2 308.1
94.6 250.4 237.6
91.0 171.6 152.9
294.1 62.3 148.5
15.7 281.0 301.8
27.0 127.3 317.6
71.4 130.6 242.6
267.6 70.9 160.1
82.4 27.6 165.8
163.5 289.7 320.8
227.0 46.4 226.1
206.9 189.4 105.9
91.9 231.5 342.9
352.1 262.1 229.1
174.7 20.2 302.1
355.2 103.6 317.8
73.0 258.5 170.5
220.5 349.1 282.2
282.3 91.6 218.0
46.9 88.4 296.7
267.9 114.9 302.4
289.6 334.2 218.0
63.8 25.4 44.8
263.7 116.3 60.2
180.3 247.1 259.3
199.3 250.3 43.3
327.6 16.0 328.6
289.8 88.5 356.8
317.1 41.6 44.5
303.5 61.7 103.3
153.8 24.6 154.7
252.4 307.9 82.1
319.6 103.3 284.8
147.7 159.8 312.1
59.5 223.9 316.3
300.1 301.3 327.8
78.3 167.4 337.9
157.6 76.4 271.0
61.6 343.5 243.2
103.3 190.1 274.7
138.3 78.9 153.9
164.2 93.8 341.9
314.9 98.4 5.5
31.8 131.2 235.4
252.3 235.5 255.2
143.6 64.4 344.5
149.0 105.0 75.9
92.1 125.9 51.5
84.6 42.1 46.4
55.8 117.1 135.7
110.7 182.9 299.0
59.9 158.6 336.4
270.4 172.9 130.8
61.8 199.0 29.6
128.8 10.5 117.3
332.6 17.6 332.4
205.3 348.3 276.7
81.3 153.5 6.3
175.9 135.5 173.4
191.1 106.8 52.8
336.1 7.9 132.3
232.7 182.6 211.4
268.2 353.8 61.8
301.4 143.7 0.8
39.2 188.9 188.2
112.8 28.0 309.2
9.6 356.7 32.3
259.4 211.2 265.0
79.8 39.1 94.1
58.0 89.9 129.0
308.4 228.0 71.8
100.5 178.0 114.1
251.9 345.1 276.7
231.2 126.1 280.5
301.3 61.5 5.1
73.5 219.3 107.9
256.5 76.3 17.6
138.4 182.4 116.3
197.2 322.2 225.7
350.3 142.4 85.4
14.6 131.7 298.1
278.8 149.9 295.0
300.8 212.0 344.8
78.2 146.9 80.3
47.6 116.4 283.3
135.0 324.5 22.0
162.5 202.5 157.5
36.9 126.1 216.9
193.2 121.1 166.6
110.1 117.0 215.5
95.1 255.6 156.5
328.8 191.1 13.3
182.6 343.5 24.7
67.3 240.9 124.7
36.3 66.8 0.7
87.3 328.5 201.7
1.7 207.3 335.5
8.5 233.9 322.6
70.9 72.8 324.3
134.2 147.0 4.3
14.3 245.5 280.0
337.2 339.8 59.3
63.3 36.2 213.2
356.9 275.1 27.3
263.5 218.9 55.3
251.6 131.1 188.5
15.0 130.4 246.7
153.7 117.4 295.3
166.4 239.5 191.2
91.7 263.8 210.7
133.3 117.9 300.4
0.3 303.8 54.0
119.7 294.8 31.5
112.5 214.3 153.9
157.5 147.9 296.1
330.3 295.9 134.6
354.8 100.8 214.7
193.6 243.8 331.2
188.4 350.1 184.2
264.0 200.8 149.1
300.9 200.0 319.5
35.2 295.7 178.3
320.4 116.0 328.9
309.5 18.4 69.9
137.8 168.5 285.7
126.5 274.7 311.4
232.4 242.0 34.6
223.9 121.6 318.9
200.4 245.7 226.4
127.1 199.5 287.9
277.5 36.0 102.4
26.0 72.7 318.2
281.2 198.6 344.2
275.8 114.1 296.9
105.0 179.1 337.6
137.4 239.0 85.3
174.7 316.8 193.2
177.2 234.4 354.4
334.2 55.4 336.5
47.8 160.3 164.1
124.2 53.2 332.7
105.4 315.1 110.1
148.3 206.1 68.7
359.4 306.5 350.6
82.7 34.2 209.7
112.6 25.6 67.1
47.4 225.8 33.6
14.5 44.3 154.7
90.8 148.5 291.7
156.4 313.2 77.4
118.5 168.3 109.3
155.9 158.8 159.4
333.6 316.5 46.3
328.8 59.3 109.8
316.4 70.4 219.7
253.0 352.5 261.4
59.7 60.2 126.6
253.7 188.2 9.9
303.9 77.1 83.1
108.3 323.5 197.9
3.1 326.0 335.3
49.6 167.2 200.2
275.5 357.1 332.3
118.8 49.1 172.6
289.5 176.7 224.9
91.9 314.3 57.6
247.0 190.9 164.8
261.7 201.9 194.8
107.2 260.6 108.4
295.7 140.1 34.3
214.1 332.9 338.9
355.4 112.8 342.9
75.9 41.5 56.2
3.6 183.5 169.1
201.4 200.6 163.9
86.0 113.5 37.7
197.6 290.3 198.1
173.8 126.5 24.2
280.3 261.6 319.4
344.4 130.3 274.1
325.3 160.4 220.2
161.2 103.9 214.5
339.2 37.9 107.0
339.3 151.5 159.3
120.2 49.1 10.4
165.1 137.4 258.6
86.8 222.0 329.6
63.0 245.9 222.4
96.9 72.9 251.9
310.8 56.1 318.5
186.8 15.8 319.0
115.1 42.6 294.9
1.2 11.8 24.1
277.9 235.5 79.6
33.5 170.1 84.1
303.0 128.0 273.7
123.3 220.5 268.3
41.4 36.4 316.9
256.7 38.7 194.0
290.9 100.6 151.5
149.9 191.3 0.3
113.7 38.9 206.7
252.3 320.4 144.3
126.2 349.5 66.4
172.2 246.4 197.5
178.9 98.7 292.7
74.8 349.3 210.1
307.7 100.8 52.2
58.5 188.7 60.0
62.5 292.9 142.3
183.2 164.0 207.3
346.0 50.3 244.4
137.5 172.5 229.7
175.5 146.9 73.8
217.7 2.4 39.7
143.7 203.2 77.1
48.0 334.8 104.6
42.3 265.7 205.7
10.5 352.7 227.8
43.5 171.7 198.4
190.1 116.7 317.3
250.0 317.4 216.0
176.3 244.7 38.2
253.0 358.2 82.3
193.6 172.1 35.4
183.3 69.8 225.7
295.2 117.3 119.4
20.1 190.9 277.0
48.9 263.6 214.4
132.2 16.0 195.2
44.0 0.8 320.3
51.9 18.7 172.6
275.8 72.7 72.4
352.0 167.5 91.0
11.6 296.2 30.0
62.0 234.2 17.0
224.7 98.0 301.7
127.1 293.2 94.0
274.7 350.6 9.2
2.0 93.2 4.4
332.5 174.2 142.0
136.9 325.9 276.8
67.1 27.9 102.6
345.4 53.6 67.7
286.7 314.6 155.5
130.6 13.5 25.0
107.8 121.4 279.8
147.1 312.3 22.7
135.6 160.8 153.8
226.1 74.0 116.6
105.9 108.4 272.9
161.0 105.9 268.4
339.2 353.9 181.2
307.2 237.1 92.6
112.6 143.7 220.0
144.8 302.4 37.5
84.3 239.8 25.1
12.9 190.3 139.8
75.2 4.4 158.1
307.9 273.1 277.9
202.7 235.5 310.4
273.8 156.8 88.4
20.2 11.3 117.4
280.5 182.1 289.7
146.4 206.1 329.4
312.8 280.3 208.1
80.9 83.2 76.2
313.6 359.8 42.7
199.1 12.9 172.7
252.1 241.6 353.8
357.0 111.4 10.1
171.1 346.5 272.7
237.1 189.3 289.4
274.0 169.6 10.4
146.5 346.1 209.7
6.7 290.6 141.6
133.5 292.9 198.6
40.7 107.6 352.3
197.1 201.5 148.9
151.1 115.7 302.3
345.6 136.9 22.2
234.8 155.7 166.8
343.5 337.0 297.9
292.3 299.6 113.9
17.3 354.9 87.8
53.5 217.7 12.0
221.7 307.6 239.5
151.6 99.3 197.3
153.2 146.5 315.9
292.5 335.6 255.5
17.4 84.5 82.8
307.3 113.3 285.3
281.7 318.4 51.9
321.2 324.2 204.4
6.9 91.4 247.2
42.7 66.8 220.0
67.0 256.2 49.8
158.3 291.5 285.4
53.4 178.2 54.9
255.1 187.8 213.0
125.0 220.9 265.8
280.5 218.5 199.7
258.2 108.0 158.7
69.2 338.2 212.0
260.1 280.1 312.1
63.7 256.5 280.1
191.1 1.2 309.9
101.9 178.1 15.2
232.7 15.7 303.1
286.0 153.7 125.9
332.8 163.7 272.3
323.6 95.0 22.4
155.4 169.3 26.4
268.0 258.3 120.5
24.7 2.4 118.7
198.2 241.6 235.6
150.8 70.7 323.6
86.8 219.4 84.3
191.4 119.6 70.6
218.7 321.0 135.5
201.6 273.1 130.5
246.6 123.7 177.4
275.3 32.7 223.7
288.7 267.5 16.1
134.1 96.6 131.8
192.8 261.0 85.5
115.4 248.7 135.4
113.7 39.1 258.2
28.7 207.0 354.1
2.6 109.0 104.7
162.2 164.8 333.1
51.8 269.1 351.1
321.3 240.2 22.7
224.8 315.9 267.7
131.9 87.9 189.9
63.4 225.8 216.5
225.3 206.8 80.4
89.8 98.2 343.0
91.2 136.8 326.9
269.9 317.9 257.8
338.1 102.2 131.4
81.7 317.7 209.9
289.1 148.7 30.3
289.8 186.4 223.8
87.2 54.7 32.7
75.3 175.8 322.6
9.4 12.6 247.1
123.3 311.1 116.7
286.0 285.1 166.6
63.1 229.0 249.2
262.6 58.0 241.1
226.6 22.8 186.7
151.5 316.1 45.2
95.5 28.4 89.0
296.5 109.1 180.9
220.3 288.8 272.5
352.1 20.0 216.8
243.3 248.9 16.5
176.2 22.4 13.2
256.3 309.5 127.0
261.2 189.5 327.0
314.4 280.1 233.2
274.5 350.8 10.4
246.3 223.2 23.1
319.1 260.5 89.3
117.1 338.9 142.7
309.4 254.5 100.2
148.2 111.8 257.8
80.1 40.6 151.6
158.0 343.1 340.2
74.3 47.9 62.0
147.9 312.2 59.6
198.0 294.7 177.0
69.5 102.0 146.0
293.9 178.1 6.3
311.5 292.3 204.2
337.2 295.3 300.6
128.8 281.9 324.0
51.4 101.5 106.8
40.7 180.2 353.4
122.1 204.4 267.4
86.7 77.7 10.3
195.4 273.4 79.3
223.4 154.7 133.0
238.4 129.7 203.4
209.6 332.7 107.3
328.0 12.0 327.0
176.6 272.1 321.0
166.0 320.3 291.4
271.5 172.6 178.6
57.9 16.7 306.2
296.3 257.5 287.7
233.1 78.8 196.1
212.8 27.8 297.9
22.4 331.2 29.3
258.3 219.7 244.8
259.7 294.7 316.2
131.9 40.8 341.3
126.8 73.4 262.6
52.7 177.7 117.0
348.7 125.9 225.3
51.3 200.4 278.8
35.8 31.9 78.0
92.7 212.7 104.0
82.5 274.4 235.1
215.6 234.7 252.5
195.9 273.6 251.1
55.1 356.0 171.3
283.1 74.5 290.5
236.3 84.9 0.1
59.9 106.8 54.5
243.5 267.2 292.4
190.9 285.9 3.8
240.7 228.3 100.4
251.1 298.9 190.7
2.0 191.4 216.2
58.2 203.5 229.5
180.4 38.6 287.2
145.5 280.2 47.3
247.3 184.0 93.7
19.3 80.6 350.1
221.4 48.3 248.7
337.5 200.0 349.3
137.2 111.1 130.4
242.2 123.4 224.8
313.9 59.1 23.6
252.0 54.3 280.4
301.3 18.0 245.3
270.5 158.6 201.9
198.6 236.7 14.3
116.0 281.1 282.1
41.4 64.7 51.2
268.3 228.6 290.6
112.2 130.5 292.2
321.4 217.9 311.9
232.8 26.0 92.7
142.0 180.1 90.5
31.7 172.2 119.3
332.0 132.7 302.8
167.3 179.1 325.1
131.3 133.5 297.5
97.7 24.6 102.9
70.9 60.9 183.8
221.7 299.5 355.2
62.1 44.0 67.9
236.4 110.6 137.5
48.3 72.1 348.3
0.0 39.5 334.4
248.4 156.2 302.8
148.8 233.0 13.5
225.1 305.6 99.8
128.2 37.8 191.1
6.0 238.7 56.2
239.3 35.8 345.3
260.2 192.4 207.7
332.9 117.2 63.0
13.7 264.6 180.8
230.7 244.6 333.5
209.7 333.6 241.6
55.0 68.3 266.9
156.2 99.3 158.2
3.2 296.2 270.9
182.0 355.2 13.3
68.3 202.6 274.9
269.2 210.5 322.4
31.6 261.4 199.2
182.5 235.8 196.5
191.5 333.7 102.0
217.5 290.2 83.6
221.5 36.2 159.1
314.2 341.6 64.8
359.4 241.5 149.3
202.1 288.7 329.3
182.4 209.3 265.9
184.3 357.3 53.7
324.5 206.8 230.1
16.2 15.3 25.1
82.8 306.0 10.8
155.2 289.1 172.1
102.7 202.3 123.0
142.3 105.0 331.8
250.1 210.1 200.8
137.1 334.2 274.0
11.7 13.5 227.7
108.3 262.7 349.4
264.6 115.4 259.4
8.7 279.2 24.8
158.1 265.8 120.8
248.3 126.2 279.6
264.4 269.6 13.7
7.0 103.3 90.2
33.0 172.4 143.6
306.4 91.5 178.9
279.9 115.3 342.9
64.4 267.2 38.9
344.4 225.7 156.1
339.3 248.4 147.8
345.1 112.4 340.4
204.0 266.1 111.2
21.0 247.4 191.5
281.4 48.1 293.8
171.6 324.3 273.3
238.0 265.1 278.4
299.8 103.8 252.9
194.7 49.7 10.4
229.2 235.6 42.6
289.7 11.4 240.7
268.7 284.9 310.4
242.6 141.4 26.8
154.7 121.5 138.9
116.1 110.6 261.5
129.3 23.0 100.0
218.4 51.0 288.5
156.7 210.8 202.5
103.0 77.7 87.9
78.5 343.5 19.0
256.4 201.3 340.6
54.9 327.4 31.8
264.3 91.6 316.5
198.0 26.1 314.5
98.5 216.2 183.1
267.4 196.0 0.8
261.7 318.7 309.9
66.8 204.8 314.8
40.7 142.1 50.7
171.9 266.4 90.2
104.5 216.7 349.9
257.9 57.4 186.0
212.1 60.4 23.6
336.8 163.4 274.1
245.5 47.2 21.1
6.5 79.1 245.1
251.2 210.8 320.5
106.2 294.6 135.3
169.5 353.6 252.9
255.0 333.0 100.8
50.0 358.5 50.3
228.4 268.4 278.0
119.8 35.2 135.0
73.2 88.7 80.0
264.9 150.7 15.1
121.9 91.7 57.2
294.1 319.8 358.4
23.4 304.6 96.7
162.3 339.9 82.3
336.7 157.1 47.6
135.1 234.1 185.1
210.2 62.7 190.7
29.9 5.9 114.1
186.5 316.2 255.3
316.5 175.5 151.3
275.1 76.2 18.8
113.8 198.1 193.7
179.0 36.5 352.5
177.9 281.4 331.3
125.5 193.7 57.5
48.8 343.4 207.1
202.3 148.2 26.7
337.8 328.4 286.9
148.3 241.3 64.2
118.5 196.9 302.5
88.6 51.1 189.1
274.1 344.2 165.9
242.1 267.3 223.6
73.0 21.2 201.8
167.5 244.3 187.7
253.2 47.0 231.9
218.1 209.9 94.7
74.0 148.8 58.0
105.6 323.5 314.1
171.0 227.4 80.3
358.8 196.6 106.4
212.3 317.5 200.5
156.0 230.1 197.7
147.9 232.8 122.0
285.4 47.7 191.3
283.5 138.6 235.5
171.1 324.6 266.0
178.4 257.6 289.8
102.6 204.3 230.0
339.6 266.9 257.5
248.5 158.9 124.0
303.6 145.5 237.6
95.8 84.1 179.7
35.4 173.9 143.0
253.0 319.5 162.2
3.0 248.6 346.5
50.7 302.3 314.7
107.8 134.1 164.7
233.7 73.5 127.5
251.0 130.4 283.2
353.9 261.0 278.4
123.3 177.7 11.2
18.7 50.8 177.4
310.6 216.0 16.9
156.8 336.9 289.3
257.5 22.6 131.3
199.3 302.0 297.0
180.5 95.8 295.8
227.1 40.1 262.0
138.1 146.8 80.4
87.7 90.3 207.6
72.0 357.5 117.9
33.6 183.9 260.1
157.5 260.2 111.8
278.3 330.0 198.2
324.4 60.4 174.9
308.8 86.9 9.2
345.7 228.4 297.2
306.2 170.2 201.6
355.7 118.6 20.8
319.8 101.0 279.1
71.8 223.5 100.1
172.3 136.3 246.9
203.6 87.6 296.6
273.6 282.6 241.7
259.2 117.0 116.3
76.9 225.9 235.8
122.6 67.0 356.9
188.1 170.5 141.4
176.1 189.1 121.9
158.1 276.9 116.1
104.7 155.1 189.1
231.4 66.4 157.5
24.3 135.1 276.7
245.0 266.2 63.2
28.2 342.0 3.0
331.1 235.8 263.3
166.9 258.0 231.5
56.6 233.9 203.1
357.7 119.1 301.0
249.7 327.0 56.3
299.8 52.0 287.4
131.1 197.0 221.6
339.9 164.5 194.4
185.3 186.8 101.2
221.0 277.5 359.2
186.6 332.9 43.1
106.4 262.3 0.5
200.2 123.1 165.9
311.3 212.7 218.6
64.8 176.7 34.3
54.9 112.9 225.1
148.8 290.1 10.3
113.3 65.4 237.6
195.0 349.4 328.8
74.7 348.0 262.7
311.6 176.4 54.6
308.3 156.5 311.6
163.4 316.8 72.6
212.9 131.6 236.1
214.0 316.4 266.9
3.0 277.3 141.1
255.8 260.7 333.2
41.1 81.9 117.6
210.6 309.0 141.0
356.9 22.5 184.8
317.0 223.6 332.5
343.5 349.5 66.4
305.4 265.5 33.8
353.4 151.2 206.2
258.3 84.5 144.4
274.1 219.4 315.3
177.5 147.9 165.5
141.6 79.8 60.5
31.1 56.7 290.7
144.2 150.2 213.3
317.6 117.0 173.4
181.6 2.6 90.0
101.3 227.1 254.4
115.3 233.8 72.0
141.9 135.2 275.5
299.1 41.3 188.2
173.0 53.7 210.2
359.2 340.7 329.9
355.5 325.4 163.4
178.2 149.8 165.5
357.3 358.6 175.3
286.1 249.2 89.1
203.4 321.6 99.7
253.3 92.6 214.3
174.1 313.3 129.7
71.2 168.3 265.7
298.4 17.8 274.7
315.3 107.4 332.7
324.4 100.0 125.9
36.8 81.3 31.2
220.7 23.8 161.1
0.8 168.9 6.9
214.1 134.1 18.6
341.0 38.9 265.9
117.9 147.8 17.6
129.2 252.4 129.4
285.7 30.3 39.8
10.9 355.2 289.5
108.4 312.5 31.0
249.3 204.1 267.7
34.9 35.1 358.8
258.3 107.1 110.8
74.1 305.9 64.9
213.7 316.4 36.1
291.6 14.5 234.4
8.9 103.4 113.0
358.1 228.4 183.2
297.1 270.4 186.7
185.2 314.9 259.4
279.7 34.5 173.3
220.8 313.2 85.5
136.1 189.5 199.8
76.6 107.4 245.2
119.4 233.1 140.5
71.7 158.2 215.6
223.1 121.3 146.6
75.3 26.8 188.6
143.3 342.1 165.5
103.3 134.6 19.5
0.0 102.9 62.3
276.3 286.6 57.4
160.8 142.7 51.1
71.0 219.2 80.8
292.3 119.3 98.4
271.0 41.7 8.0
149.0 9.6 10.5
354.2 285.2 52.2
267.4 265.9 32.8
104.4 347.9 285.3
29.4 169.8 226.0
16.9 323.9 255.2
248.5 160.4 263.5
334.7 199.1 330.5
218.3 240.8 135.4
146.4 158.9 255.6
50.8 58.1 175.4
180.8 286.5 337.9
354.6 63.3 148.4
64.3 180.4 283.0
167.8 157.9 162.5
145.0 211.9 62.9
291.0 157.3 14.5
197.8 233.6 91.6
261.1 36.5 305.4
134.0 150.2 127.8
319.8 51.2 192.0
185.2 355.2 243.1
343.2 72.0 332.7
84.8 21.7 126.0
129.0 188.6 37.5
116.7 250.7 60.9
263.4 124.1 320.2
227.1 291.7 198.2
237.5 82.3 226.5
164.2 234.8 205.7
339.6 260.5 326.3
210.4 277.1 62.9
229.4 65.3 60.7
167.5 358.6 141.8
215.1 22.6 269.8
51.5 236.2 26.7
140.2 177.4 303.1
72.8 122.7 359.0
60.8 31.1 233.1
344.7 147.8 176.0
310.3 26.6 71.1
29.4 40.4 12.6
355.2 314.9 105.4
91.4 348.9 296.6
217.8 291.8 208.7
259.9 305.3 19.3
128.7 255.5 287.3
184.1 124.3 147.5
29.4 89.9 342.2
290.1 107.2 189.0
223.2 76.8 331.7
55.9 283.4 165.7
57.0 21.8 94.8
94.5 128.0 250.6
203.8 213.8 178.3
312.7 28.4 27.7
165.5 231.2 163.6
103.1 36.2 214.1
106.9 279.4 73.7
252.5 347.9 77.2
175.4 54.3 306.2
203.4 6.4 250.8
281.8 293.3 207.4
342.1 159.4 183.2
139.4 258.5 279.7
289.0 118.1 353.3
77.1 334.1 318.6
347.1 351.8 288.9
352.1 166.7 56.6
348.5 313.7 349.4
238.0 149.9 63.0
98.6 103.6 8.7
284.4 21.2 104.8
1.4 88.3 151.5
354.3 269.2 148.7
49.2 195.3 292.8
4.8 207.5 303.5
104.7 215.6 152.9
85.7 315.2 31.8
37.6 306.1 108.9
53.3 107.7 222.7
90.0 107.0 22.1
240.0 339.9 36.9
70.3 0.5 284.6
357.6 134.0 127.5
305.2 149.2 158.0
196.3 214.3 105.8
271.9 329.0 185.5
88.2 341.7 197.6
249.1 329.7 357.8
218.9 44.8 102.1
355.1 149.8 114.4
60.1 303.5 51.6
32.4 139.1 181.1
72.6 129.8 296.7
70.2 162.4 5.9
186.3 74.6 152.5
50.0 30.0 45.8
351.6 311.2 161.7
50.4 239.3 259.5
181.1 40.6 36.8
94.0 334.5 155.7
116.3 148.0 315.9
350.1 206.1 316.7
17.3 328.7 277.7
310.4 99.3 45.9
203.5 264.8 132.2
147.9 30.0 185.3
21.8 115.8 128.1
17.5 340.6 332.5
161.0 252.8 201.3
97.0 128.8 23.1
286.8 107.6 126.4
298.6 75.0 220.3
251.1 301.3 158.9
258.0 231.8 167.3
145.9 59.2 134.5
190.6 71.5 20.7
218.7 28.0 4.9
242.7 173.2 77.8
188.9 66.6 90.8
144.8 161.2 79.5
343.1 190.7 94.6
100.7 53.6 34.0
193.2 340.7 270.3
268.7 327.7 227.9
87.3 156.8 325.6
5.9 169.2 23.7
34.2 255.8 95.1
114.1 159.2 211.8
317.3 325.5 103.8
320.0 194.5 229.7
199.7 33.7 2.5
0.8 147.9 355.7
88.7 200.8 91.1
115.1 346.3 7.5
141.4 220.6 140.2
266.1 303.8 222.7
335.4 30.9 338.7
132.3 39.7 304.7
328.2 27.0 120.6
159.0 264.2 69.6
74.8 26.4 191.9
219.1 160.8 345.8
5.9 163.1 52.9
145.6 64.3 287.6
172.7 277.5 34.6
317.1 67.4 234.9
196.5 249.3 150.7
241.3 202.8 73.3
250.6 16.0 237.5
347.9 246.5 113.1
51.7 16.8 51.8
101.6 334.5 216.8
23.7 138.4 350.0
264.1 275.2 198.0
176.0 238.9 72.0
30.5 264.9 258.3
134.0 325.3 30.6
308.8 111.6 120.5
204.5 244.2 131.2
300.5 345.7 109.7
291.0 353.8 286.9
279.4 182.4 209.9
246.3 126.8 311.2
73.8 236.3 51.4
256.1 335.5 230.1
115.8 2.9 5.0
302.8 171.5 231.2
297.3 331.4 285.4
134.9 164.6 130.6
181.4 233.3 41.2
265.9 147.1 90.8
237.7 178.6 58.7
80.9 51.2 6.9
73.2 62.9 121.0
267.0 210.9 335.9
250.9 286.8 53.7
334.0 275.5 226.1
123.9 163.9 12.8
55.8 341.9 172.3
194.1 315.5 352.0
96.1 116.3 338.7
41.1 9.0 196.8
327.5 183.0 79.5
304.9 70.2 356.9
26.0 283.8 340.0
184.7 68.1 281.3
98.3 272.7 245.6
216.6 337.4 120.4
288.4 44.9 332.0
114.1 296.5 287.0
168.0 64.8 79.3
237.9 57.3 249.5
18.0 6.4 83.6
66.0 308.1 161.3
235.1 277.8 206.3
131.1 78.5 354.3
317.9 139.3 167.0
67.3 59.5 341.5
266.3 8.0 160.9
316.4 146.1 264.3
81.5 211.5 187.0
191.2 171.9 160.9
2.9 339.8 280.1
99.0 237.2 61.6
35.8 169.6 12.5
124.6 40.8 156.9
318.3 125.1 266.4
306.1 284.6 188.2
115.6 74.7 255.4
186.2 55.6 182.9
354.5 92.7 334.2
58.5 86.8 77.4
276.3 45.2 272.4
346.2 166.5 341.7
64.8 34.4 331.1
143.5 208.8 32.5
294.8 110.0 75.1
10.9 299.4 147.0
52.7 159.2 337.3
279.8 129.0 62.3
132.8 145.3 2.9
27.6 159.4 92.8
50.5 347.4 347.4
149.2 257.0 29.7
212.9 58.5 67.3
85.9 143.0 223.9
145.4 210.4 19.4
232.9 329.9 340.1
161.3 128.3 124.5
65.3 303.3 281.6
88.0 193.3 317.8
327.5 252.1 172.9
337.4 5.0 253.0
256.7 206.4 35.5
312.8 181.4 353.4
197.3 144.0 16.3
22.4 237.5 54.8
195.1 273.5 190.3
53.9 2.2 114.8
37.2 28.7 156.1
8.3 2.3 266.2
13.1 349.4 221.9
249.7 134.9 233.9
262.2 272.3 216.4
290.6 349.2 101.8
28.9 12.2 261.2
218.7 222.7 343.0
54.1 193.8 194.5
27.6 187.6 132.0
94.9 245.1 222.3
313.8 240.7 50.3
193.1 312.4 326.0
179.0 242.2 248.0
307.1 303.0 338.1
10.1 309.0 277.7
147.2 265.5 286.3
232.2 264.3 261.0
252.1 323.1 39.6
91.8 19.1 270.4
137.9 244.8 52.7
249.4 277.7 194.9
137.3 346.0 219.7
255.5 305.2 179.2
222.5 269.6 112.5
282.5 123.3 141.5
13.8 85.4 40.3
48.8 147.2 102.0
332.1 241.1 231.1
186.9 346.4 276.3
101.1 298.0 299.9
50.6 115.1 252.0
28.1 240.6 275.2
74.2 62.1 313.6
337.9 263.3 84.3
257.5 225.6 101.9
14.3 112.6 44.1
186.6 167.4 56.2
281.4 260.3 286.6
198.1 310.9 166.4
301.7 175.1 102.7
45.8 324.0 165.2
236.9 304.0 116.1
202.6 110.3 106.4
229.9 187.2 95.4
254.8 329.6 93.2
311.3 83.4 223.0
348.5 354.6 339.0
20.8 238.9 134.2
338.0 115.6 242.8
108.2 123.2 231.0
294.1 332.1 3.4
128.8 241.4 298.4
188.2 212.0 85.9
294.2 184.7 131.2
176.4 289.9 246.2
21.7 20.5 23.1
255.3 204.8 208.6
260.1 150.4 304.9
133.4 149.8 237.6
66.8 314.2 121.8
330.7 140.7 212.3
28.0 331.2 266.9
86.7 356.7 69.7
64.9 320.8 136.1
28.7 116.5 341.2
16.2 49.3 352.7
215.7 199.0 37.7
186.8 152.5 124.0
219.2 165.5 91.5
97.4 30.9 186.4
229.7 265.4 356.1
116.0 132.2 252.1
81.1 160.3 40.5
37.7 11.0 336.6
135.7 258.3 228.2
176.8 47.2 299.5
74.9 298.5 44.5
115.7 281.7 295.2
13.1 118.7 69.3
52.5 82.0 160.5
93.7 202.1 209.6
15.4 183.2 97.0
47.9 50.3 298.5
144.8 70.0 129.0
332.6 156.8 72.4
185.0 225.5 156.8
233.7 349.4 222.2
20.1 64.7 341.5
280.5 342.6 40.2
196.3 261.5 313.4
203.0 290.1 218.9
290.6 255.0 355.0
154.4 291.2 308.5
102.1 27.4 304.8
284.9 73.3 118.9
220.9 181.6 43.9
43.7 221.8 306.3
18.8 199.8 312.4
116.5 207.2 13.5
94.7 211.6 9.6
218.6 19.8 207.0
160.7 46.1 30.1
0.3 134.4 273.7
243.5 158.4 357.7
158.9 237.0 170.9
182.8 168.7 89.7
200.7 81.9 183.5
320.2 274.0 9.5
15.2 80.1 157.7
155.1 242.9 196.0
154.0 45.2 226.5
165.4 15.6 269.5
270.6 36.5 298.6
345.6 129.6 342.5
194.3 124.2 181.1
284.0 323.0 114.7
131.4 310.7 92.4
333.3 227.7 259.4
29.2 3.2 95.5
300.4 66.3 146.4
283.2 336.1 212.7
185.7 230.8 256.2
327.6 39.4 127.9
344.8 242.2 294.9
337.7 184.8 277.6
59.6 252.5 96.8
15.9 266.8 88.2
182.1 45.4 261.9
293.1 216.9 272.1
297.9 138.1 252.7
29.5 67.6 103.1
234.3 249.8 203.9
287.0 352.3 256.4
304.7 338.0 35.0
236.1 248.8 284.5
95.4 284.3 135.4
137.9 107.9 155.7
154.1 278.4 338.5
115.4 355.7 110.0
66.0 219.1 290.7
111.2 235.7 258.3
153.6 100.4 24.9
311.7 207.6 328.1
103.0 100.8 280.4
165.6 82.1 145.8
297.8 270.1 225.9
271.0 226.8 226.8
332.8 267.9 66.6
230.7 258.4 49.0
95.8 229.6 215.6
194.8 106.0 345.1
151.0 209.8 170.7
168.8 221.3 105.3
134.7 145.2 352.0
65.7 354.6 299.2
250.9 258.9 294.8
311.9 289.1 236.7
272.2 134.5 281.9
146.8 67.5 0.2
234.1 187.5 37.5
138.9 184.8 288.3
149.7 172.6 254.0
14.5 57.1 38.4
359.5 343.3 279.2
124.7 296.7 155.2
84.7 207.2 295.6
200.6 329.6 108.4
111.2 21.7 180.1
106.1 161.5 221.8
112.2 89.8 63.6
33.2 265.6 303.1
132.2 293.1 209.0
340.8 292.3 331.1
41.5 347.9 101.9
18.2 148.7 39.9
97.6 336.3 215.9
231.5 243.4 303.1
119.2 342.7 100.4
242.8 24.8 2.8
304.2 103.8 28.2
237.3 44.4 56.7
82.5 36.2 119.1
30.7 78.1 12.0
89.9 86.9 60.5
310.3 100.0 225.3
151.7 38.5 121.4
74.7 264.2 319.7
302.9 209.1 13.7
106.6 13.4 124.7
350.0 10.9 89.2
170.1 255.6 127.6
129.2 85.2 189.9
18.7 168.1 238.8
89.7 55.6 320.0
205.6 94.1 70.6
276.7 314.6 176.2
44.0 234.8 301.8
121.5 253.8 217.2
289.0 198.5 344.7
157.8 327.7 241.2
13.7 132.1 248.2
288.6 49.7 303.9
213.2 343.1 283.1
215.5 243.0 291.9
209.6 43.4 180.0
159.2 16.4 28.4
231.5 279.1 273.8
51.4 72.6 104.6
117.4 40.9 291.9
71.5 178.4 172.6
152.4 185.7 326.2
4.0 258.7 37.6
239.5 207.7 93.7
219.6 327.3 138.6
151.9 251.7 12.5
194.9 273.1 141.7
101.1 166.3 226.6
66.2 171.3 309.8
335.9 347.8 99.9
2.9 90.7 136.7
330.7 245.2 99.9
181.7 11.6 300.1
116.8 332.5 167.0
334.8 31.1 80.2
95.2 37.3 197.3
23.5 84.9 236.3
163.5 6.9 80.0
297.8 274.6 183.0
253.5 164.2 235.0
77.9 179.3 351.9
181.4 113.4 150.5
265.2 249.5 114.5
161.4 238.1 152.8
225.8 109.3 318.3
95.6 323.4 205.6
230.7 277.0 303.7
342.3 36.5 338.7
208.0 118.8 106.4
101.2 336.5 214.0
287.0 160.7 193.4
221.2 288.3 315.4
281.2 297.4 336.0
31.5 62.8 78.0
326.0 71.7 277.8
148.2 236.9 319.0
113.9 168.0 67.7
242.6 150.9 356.8
318.7 294.4 312.8
154.7 32.3 359.9
147.3 301.0 82.9
214.9 326.0 317.2
119.3 46.8 120.3
106.5 302.7 297.8
351.0 219.1 199.5
231.8 121.5 13.4
81.9 351.8 303.0
166.6 52.3 30.5
12.4 250.1 54.5
200.0 349.2 350.3
91.8 97.6 133.2
30.2 356.3 25.9
286.7 99.3 339.1
292.7 188.8 253.7
277.2 307.9 91.9
206.0 88.6 21.5
208.8 310.8 88.2
201.8 24.0 112.1
263.5 176.9 155.8
135.5 345.4 90.3
8.1 300.3 256.3
48.2 123.0 172.9
89.1 95.5 313.5
93.5 333.5 328.2
214.3 100.3 180.7
251.7 156.2 353.9
334.4 355.8 357.5
275.8 306.1 74.1
99.1 100.1 289.7
17.2 86.7 91.1
210.5 4.7 205.7
50.6 51.2 56.2
321.2 280.3 111.6
177.1 304.0 249.4
129.3 114.3 62.3
339.0 282.9 128.5
311.2 64.5 214.6
31.5 318.6 151.5
315.2 212.1 120.8
298.7 137.8 228.9
212.5 122.7 302.4
171.2 342.8 230.1
74.0 168.7 163.5
200.8 165.4 265.0
10.3 149.1 327.7
220.9 160.0 319.1
38.1 202.9 67.1
102.1 219.2 160.8
25.1 92.8 340.9
200.8 186.3 82.6
136.4 177.9 171.2
296.6 329.0 338.4
83.8 35.2 211.9
176.2 183.4 15.0
337.7 55.3 17.6
352.5 42.6 243.0
116.1 312.0 78.7
336.3 172.2 291.7
35.5 304.7 61.2
95.1 352.4 70.8
265.0 195.1 13.9
330.1 126.6 143.1
83.3 232.5 72.5
87.1 139.2 302.6
229.1 3.7 208.3
299.0 85.5 21.2
223.6 210.4 35.8
257.4 345.6 175.5
255.7 20.3 342.4
164.5 11.8 47.9
203.3 143.7 259.3
198.1 211.1 185.4
169.4 29.8 299.3
241.8 327.5 261.3
114.1 344.0 331.2
112.3 208.3 105.0
73.6 358.9 302.9
132.5 32.6 209.0
295.5 17.7 359.7
280.0 314.8 172.5
274.2 94.5 273.3
159.2 218.8 29.5
208.2 196.8 163.4
5.2 275.8 347.2
95.1 230.5 95.0
316.2 82.0 170.2
330.8 95.6 29.5
11.0 227.5 16.0
274.8 140.5 285.1
11.2 58.5 234.8
16.9 81.9 308.5
35.9 273.1 23.7
167.9 88.2 166.4
292.3 218.0 252.2
6.6 358.6 60.4
19.4 235.9 271.4
304.0 324.6 333.8
73.3 340.3 240.5
135.2 176.7 308.5
12.2 353.1 33.3
26.5 9.3 305.4
55.0 351.1 120.6
350.1 199.8 86.1
26.9 304.0 221.7
166.6 92.2 158.0
198.7 257.5 32.6
62.8 183.7 351.2
70.8 175.0 18.3
327.6 262.0 15.7
225.8 356.0 277.4
178.2 64.1 115.2
160.5 62.0 110.9
287.0 158.6 357.5
117.7 222.5 32.5
346.9 107.0 30.2
39.1 73.5 52.5
337.1 15.2 107.4
83.5 219.2 16.1
138.9 278.6 145.7
193.8 256.3 149.1
90.5 128.7 34.8
157.1 237.0 171.8
295.9 271.9 183.8
21.8 344.0 187.7
122.8 94.3 314.1
296.2 207.2 243.2
105.0 203.4 212.8
5.5 62.5 260.8
87.5 80.1 115.1
50.3 42.8 287.2
10.9 61.0 105.6
145.0 45.5 185.8
278.7 110.2 175.2
148.4 147.0 268.6
286.7 34.4 150.0
319.3 297.3 341.6
129.1 185.9 171.6
15.5 185.4 221.0
115.4 277.2 351.9
69.7 10.1 89.7
45.9 213.3 55.8
252.0 141.7 158.3
70.7 267.1 302.1
225.6 288.4 303.4
34.7 193.9 325.5
332.0 278.1 315.9
135.0 161.9 241.6
163.8 125.3 202.8
6.2 57.0 241.6
207.6 168.0 289.1
29.7 117.8 248.7
27.7 227.5 270.1
7.7 80.9 55.4
240.6 133.9 113.4
354.8 175.4 294.2
324.6 239.1 141.0
299.1 345.1 241.3
328.0 291.8 63.8
303.1 284.6 297.5
337.3 158.1 329.3
85.2 204.8 294.0
94.2 82.8 113.3
266.9 96.3 138.0
272.5 292.3 185.1
323.0 139.1 205.2
300.4 139.2 179.6
144.4 6.8 184.0
98.7 169.4 212.8
220.9 287.4 287.3
46.7 32.5 358.2
115.3 161.8 311.6
26.9 324.7 144.3
352.6 279.8 287.4
353.7 166.1 187.6
343.1 350.5 327.0
265.9 251.4 12.8
87.1 115.8 76.2
199.1 55.6 325.9
129.3 305.2 242.9
326.1 11.6 150.1
332.5 344.5 189.7
274.2 189.8 344.0
24.1 37.2 292.6
1.7 327.1 290.7
13.5 162.9 35.8
327.0 225.8 65.0
186.0 165.3 38.2
238.4 70.2 32.9
316.5 287.5 240.1
227.3 288.9 206.2
155.5 265.1 2.9
139.1 55.3 202.0
143.2 353.9 166.1
194.3 268.8 333.5
246.4 198.4 74.7
45.2 199.5 150.0
24.9 88.3 50.5
247.3 274.6 157.0
207.9 251.2 308.2
217.1 217.0 196.3
77.7 304.1 204.3
312.5 267.4 64.3
134.8 212.8 153.7
270.4 59.4 90.6
223.1 122.5 149.2
161.1 317.4 239.3
76.3 282.2 325.6
104.3 254.8 162.9
160.4 126.4 82.4
8.8 5.8 330.7
32.9 349.7 351.2
71.9 117.4 311.0
160.9 176.1 350.2
260.8 349.2 163.2
122.5 346.5 160.9
19.8 69.5 1.6
279.1 315.6 230.0
291.4 224.4 135.6
4.2 7.0 123.1
152.9 28.0 157.2
243.9 163.6 294.0
275.0 56.6 172.8
22.8 90.6 39.5
251.5 253.0 270.2
282.6 95.2 191.3
51.5 342.3 68.4
181.8 239.9 139.5
38.7 331.9 4.6
180.5 160.5 77.4
181.0 254.7 125.7
330.2 51.9 217.2
215.2 350.4 2.5
93.5 286.8 279.4
133.1 70.1 327.9
354.4 127.8 321.7
293.1 217.8 298.6
275.8 49.0 276.8
285.9 167.9 115.4
283.8 79.7 311.3
96.0 53.4 226.9
34.6 73.1 39.0
300.1 353.5 320.9
81.5 122.9 127.9
327.0 285.2 118.5
357.6 175.6 153.7
284.0 289.3 94.5
301.9 71.1 296.2
244.0 120.5 165.9
167.0 323.3 177.6
11.8 56.4 244.0
247.9 160.7 72.5
4.5 243.1 110.2
300.9 332.2 134.9
128.2 170.5 205.1
173.7 38.1 10.3
42.6 248.0 263.0
214.2 169.4 234.1
140.1 145.6 278.4
159.4 203.4 173.0
239.6 352.6 237.7
110.0 220.1 259.7
164.5 293.1 236.9
107.4 222.9 127.1
44.5 81.1 196.5
262.2 127.7 176.8
93.6 4.1 332.4
60.2 302.3 133.7
276.9 171.4 33.5
136.8 178.8 228.5
273.1 70.1 229.5
289.0 235.4 320.9
145.4 66.1 257.5
140.3 226.7 251.2
83.2 233.2 352.1
61.8 121.1 244.3
163.1 354.5 283.4
304.5 34.0 6.6
179.9 205.8 297.5
104.2 136.7 41.5
230.0 45.4 250.0
101.8 355.4 119.5
1.1 222.3 320.1
247.9 125.9 262.9
47.5 329.2 234.6
159.7 51.1 353.1
243.5 155.5 337.4
152.2 214.0 66.9
205.2 4.8 92.0
233.0 40.2 95.9
104.4 200.1 169.4
227.5 30.6 298.1
265.8 256.6 41.4
207.7 280.5 84.5
11.8 101.6 11.5
354.8 33.4 66.6
350.2 103.1 249.5
353.3 1.2 124.5
39.5 15.6 88.2
260.2 158.4 216.5
164.7 34.3 244.0
356.4 58.5 55.2
30.0 77.5 245.0
38.1 63.4 297.1
298.6 177.7 321.0
195.4 57.5 184.6
226.3 26.4 348.5
104.4 330.3 103.0
246.6 246.4 185.8
340.6 77.2 192.9
177.2 321.1 79.2
155.1 290.1 354.1
132.9 78.3 171.6
6.0 1.8 249.2
139.6 270.4 103.9
65.5 129.6 30.0
163.2 225.4 127.5
190.5 221.8 60.5
207.1 210.6 194.0
31.4 42.6 53.1
200.4 3.4 168.5
71.6 192.5 356.9
71.0 357.8 169.1
27.9 70.7 130.7
59.6 341.4 210.9
269.4 48.2 5.7
169.5 246.5 163.0
303.5 18.2 208.5
55.9 247.4 159.0
162.8 289.4 276.4
120.9 138.8 52.4
18.1 86.9 198.9
62.6 289.7 85.9
56.7 349.7 132.1
233.1 110.3 166.1
248.6 264.3 247.8
213.2 268.2 32.9
31.0 231.0 115.2
307.5 241.6 267.9
189.0 275.6 32.5
191.6 134.2 297.2
249.9 1.4 154.7
322.9 117.4 178.7
33.2 14.2 271.4
205.5 256.9 126.3
240.3 302.8 140.6
288.2 249.7 160.1
277.8 216.1 304.5
48.8 0.6 154.8
148.4 194.7 287.8
273.5 129.5 69.7
132.5 84.4 275.5
247.4 46.3 293.4
213.7 0.3 109.6
15.5 304.2 136.1
290.9 145.3 315.1
155.4 92.9 183.7
256.8 222.9 305.8
180.9 294.6 78.7
57.8 52.6 264.5
70.0 109.8 56.0
17.8 90.7 160.0
28.6 129.4 74.1
6.0 340.6 125.2
349.6 286.0 321.4
213.2 287.4 155.4
92.6 104.8 103.9
214.3 172.4 143.1
203.4 131.2 176.8
266.8 82.5 300.8
272.2 355.4 88.3
343.5 117.4 317.8
77.3 159.8 92.5
97.3 353.1 130.3
280.5 29.8 260.6
231.2 18.9 268.6
207.4 338.3 111.0
188.5 312.7 330.9
80.4 278.0 329.2
252.2 160.2 157.6
104.3 238.0 29.8
162.1 336.2 334.1
170.9 275.5 235.6
109.8 245.3 121.5
120.4 242.4 179.8
86.6 342.4 42.4
245.1 293.3 178.9
252.9 291.6 83.3
261.5 127.4 198.9
78.6 334.4 66.1
314.1 47.7 139.9
214.0 73.9 281.1
332.7 12.1 140.3
276.1 253.6 189.7
199.3 4.5 6.3
134.7 301.7 7.5
237.7 105.4 92.3
146.1 90.6 0.8
214.7 328.5 335.5
285.6 301.3 88.9
83.1 39.7 105.5
136.3 109.9 12.2
235.4 316.3 155.7
276.0 96.2 124.3
188.8 235.7 271.8
350.1 97.4 291.6
41.1 18.7 77.1
106.2 166.7 88.6
345.7 320.2 45.5
66.5 256.9 119.6
236.3 208.5 115.3
128.4 22.8 35.8
319.4 300.6 37.2
245.2 97.0 210.1
35.0 110.1 87.5
101.4 315.1 103.5
331.3 30.4 348.1
154.0 348.2 254.9
296.0 134.9 307.4
177.9 122.6 19.0
294.9 168.5 117.7
8.7 135.4 25.6
50.7 88.3 61.4
258.7 26.7 138.1
104.9 316.2 43.1
0.6 312.4 26.8
131.0 229.4 4.3
83.4 100.9 218.2
359.3 221.2 210.3
5.6 223.4 106.1
301.6 238.5 37.7
205.2 290.9 237.5
303.6 341.0 105.6
201.2 306.8 206.7
49.2 210.6 273.7
60.7 304.1 96.8
241.8 113.1 113.5
28.2 171.4 78.6
287.0 242.1 159.3
282.4 133.4 223.4
326.8 303.7 311.5
16.5 303.3 43.5
175.1 292.5 110.0
209.2 88.9 345.4
218.1 57.5 42.6
308.8 42.1 355.0
50.1 217.4 198.6
165.7 136.6 310.9
118.9 99.7 334.1
167.0 331.8 183.2
26.0 213.9 175.4
162.4 226.1 126.9
91.2 81.1 122.5
122.1 51.1 146.7
99.1 12.9 269.8
249.2 293.6 89.0
238.5 352.1 317.3
27.4 309.0 83.6
109.2 291.8 330.3
26.3 89.4 21.2
205.2 207.7 180.0
68.0 208.3 117.1
148.4 25.5 273.7
320.6 353.5 255.4
169.0 259.5 263.6
55.8 272.5 301.1
255.4 69.6 233.6
255.8 244.8 173.0
71.5 255.5 216.0
260.0 244.1 73.3
67.8 46.7 57.2
323.2 104.4 28.8
300.3 240.4 9.2
264.8 167.8 206.5
28.8 139.7 313.2
99.6 8.9 246.2
43.1 210.9 66.7
136.8 101.6 246.1
58.0 81.9 256.8
343.9 305.1 128.6
344.4 190.0 149.0
236.6 294.9 96.0
202.2 41.0 174.2
82.7 20.0 225.2
127.4 180.2 237.3
6.9 145.6 351.5
189.3 296.4 20.0
194.1 272.1 3.1
48.3 18.3 115.6
169.6 117.0 235.4
42.3 162.9 124.8
298.4 144.0 183.6
309.9 279.7 299.7
264.3 50.3 296.1
159.0 341.5 254.8
91.4 281.0 327.8
147.5 47.5 335.5
200.3 203.0 25.8
283.8 359.9 167.3
196.3 160.4 351.7
165.0 98.4 10.5
105.9 23.8 111.1
249.7 139.2 68.9
135.1 245.8 209.2
273.4 102.3 312.0
5.4 93.2 46.8
35.6 115.0 209.3
293.6 201.6 75.3
118.9 323.7 85.1
222.8 343.6 41.9
34.2 81.6 264.7
87.7 337.4 123.2
314.1 149.3 133.1
223.5 298.7 22.0
244.0 276.6 98.5
146.5 166.2 323.8
199.2 275.7 288.3
13.7 303.4 283.9
30.5 45.4 351.8
194.3 315.1 10.1
124.8 276.4 236.5
94.1 50.7 236.4
268.1 145.3 3.8
179.5 64.0 125.9
7.1 83.5 14.9
121.1 133.0 114.6
118.6 32.7 15.3
192.9 151.6 280.8
179.2 185.0 78.8
344.2 59.4 60.0
194.3 94.6 180.3
39.1 347.0 274.8
58.4 354.2 304.4
308.8 250.2 290.5
316.9 196.8 158.6
242.2 210.8 136.4
337.3 295.3 138.2
227.1 142.1 78.2
13.4 313.1 61.0
270.1 301.2 20.1
13.1 128.6 312.7
49.6 128.1 38.4
172.6 315.4 144.4
113.6 251.5 155.2
227.0 109.2 101.4
149.3 5.4 247.8
140.9 125.4 242.4
66.9 1.8 86.5
191.9 153.2 123.5
262.4 8.6 82.2
11.9 180.6 184.4
85.7 17.9 206.5
108.5 198.6 197.2
94.6 57.0 222.4
189.8 8.6 23.1
296.4 161.8 233.1
293.2 318.1 268.8
12.4 125.9 328.6
3.9 336.3 321.3
115.3 37.1 240.0
280.3 327.2 227.2
78.9 336.1 187.5
26.2 307.4 166.8
261.0 76.6 324.8
176.5 183.5 233.5
31.7 314.7 22.0
225.9 17.4 203.1
30.5 301.0 259.2
85.1 335.8 160.8
225.2 144.2 28.4
173.9 169.2 358.9
116.4 225.2 260.4
198.3 337.0 353.6
109.6 142.3 279.0
36.6 44.7 86.0
22.2 336.2 19.3
70.6 320.1 121.9
6.3 87.1 326.4
246.1 4.3 68.2
280.8 247.9 77.5
245.4 230.5 273.9
105.5 60.0 178.3
25.6 349.8 130.3
201.7 229.4 324.3
246.2 108.3 314.9
137.8 192.6 39.1
322.5 111.1 28.5
182.7 65.0 143.6
100.4 167.6 307.1
305.4 322.4 77.4
131.7 242.5 354.0
79.0 329.9 126.3
23.6 340.4 327.5
300.1 287.0 193.2
170.3 108.2 345.8
231.6 267.7 96.0
97.9 212.2 325.4
82.1 245.7 333.9
292.3 69.4 307.7
264.6 143.3 65.4
280.7 290.3 215.0
218.5 116.9 32.5
216.3 327.3 327.2
100.2 86.9 241.1
270.6 249.2 276.5
288.5 297.8 137.4
199.1 90.1 19.8
143.8 11.1 271.3
181.5 103.2 227.2
226.7 285.2 16.7
204.8 301.2 25.5
349.0 16.6 293.3
132.8 49.6 353.7
28.7 282.8 305.9
192.3 189.4 167.8
197.2 329.0 260.9
68.0 194.0 335.6
244.9 43.4 96.2
9.8 9.3 52.6
178.3 232.2 39.3
197.8 84.3 277.9
16.1 190.4 345.8
104.4 120.2 185.9
244.9 350.6 328.7
315.8 6.2 100.3
159.2 271.7 80.4
68.2 261.2 179.5
357.3 3.1 181.1
262.7 53.3 332.8
203.4 40.7 257.5
10.6 180.4 290.9
333.9 101.9 55.8
119.1 119.3 3.0
169.9 260.2 22.4
121.7 105.6 346.8
170.4 208.7 133.5
29.2 265.7 194.3
190.4 148.2 213.6
69.6 82.1 192.5
229.8 276.1 181.5
53.6 61.6 317.9
20.9 105.8 53.3