42
2.19
44.91
F
84
1.68
13.84
M
49
1.80
40.38
F
13
0.20
46.13
F
71
2.54
15.66
M
14
1.28
56.41
M
98
2.66
11.73
M
51
0.93
29.92
F
77
1.41
14.1
F
57
1.39
30.17
M
34
0.17
26.93
F
52
1.28
25.84
F
86
1.3
86.24
F
84
0.89
21.84
M
72
2.8
60.77
M
12
1.58
75.67
M
65
0.75
70.48
M
71
0.2
13.93
F
49
1.53
80.93
M
73
0.52
70.98
F
31
1.86
51.94
F
39
0.13
33.20
M
98
0.80
43.56
F
75
1.74
92.66
M
53
0.61
52.31
F
25
0.6
77.68
F
37
2.5
88.83
M
45
2.11
7.79
F
43
0.82
70.93
F
14
0.91
63.36
M
34
1.93
99.38
F
46
0.77
6.70
M
22
1.78
20.91
M
88
1.37
67.97
M
71
2.36
47.9
F
91
0.1
5.27
M
88
1.91
8.44
M
23
1.38
75.97
F
27
1.31
88.71
F
31
1.91
45.94
M
36
1.30
34.31
F
16
1.25
91.48
M
34
0.6
43.26
M
73
2.25
50.12
F
18
1.8
51.58
F
82
2.26
95.77
F
47
0.73
26.11
M
39
1.71
24.77
F
57
2.48
32.66
M
26
1.73
29.73
F
55
2.69
81.56
M
87
2.22
43.90
M
41
1.34
85.16
F
82
1.75
68.45
F
95
0.43
36.69
F
36
2.44
52.11
M
94
0.88
60.91
M
27
1.14
17.82
F
48
0.6
74.45
M
60
1.41
62.74
F
26
0.47
91.15
M
32
1.12
1.47
M
28
2.96
93.55
F
26
1.39
38.36
M
62
1.33
62.39
F
62
2.11
77.12
M
93
0.53
54.78
M
83
0.73
28.53
M
52
2.18
19.17
M
10
1.17
2.80
M
87
0.44
6.27
F
45
1.25
16.67
F
29
1.22
17.49
M
48
0.44
6.54
F
93
1.31
11.32
F
17
1.76
51.5
M
27
2.53
26.24
F
46
2.65
94.2
M
43
1.63
0.59
F
57
2.16
92.36
M
13
1.80
49.68
F
55
1.19
18.43
M
68
0.98
70.98
M
13
2.12
28.47
M
46
1.1
86.1
M
35
2.43
49.9
F
15
2.55
53.95
F
38
0.78
38.18
F
87
0.45
77.19
M
56
0.64
6.23
M
10
0.80
17.47
F
74
1.51
56.29
F
11
0.2
59.61
M
59
1.16
1.13
F
87
1.0
51.70
F
58
2.3
37.32
F
89
2.50
86.31
M
20
1.76
88.50
F
70
1.22
37.12
F
34
0.52
30.28
F