99
0.22
97.32
M
65
1.42
58.64
M
57
2.52
4.13
M
46
2.82
31.58
M
21
2.96
49.46
M
54
0.39
11.52
M
94
0.47
85.67
M
32
1.80
47.97
M
40
1.6
38.78
M
36
2.32
89.16
M
58
0.49
75.72
M
63
0.55
69.14
M
35
0.26
67.72
M
91
2.96
6.38
M
53
2.40
90.39
M
32
1.46
80.32
M
70
0.11
33.67
M
73
1.24
44.29
M
60
0.49
58.32
M
43
2.40
51.99
M
56
1.46
8.92
M
68
0.2
17.6
M
17
0.41
22.97
M
55
0.40
87.56
M
10
0.95
64.75
M
35
2.81
85.11
M
78
2.4
49.46
M
89
1.76
82.1
M
60
1.96
18.7
M
69
1.54
78.86
M
16
2.20
44.48
M
18
2.91
73.87
M
32
1.21
55.61
M
83
2.90
26.75
M
87
0.93
26.61
M
36
2.13
78.37
M
63
0.51
72.64
M
80
1.39
93.44
M
89
0.40
75.18
M
51
0.63
52.89
M
61
1.55
48.4
M
46
2.9
49.97
M
19
2.42
56.16
M
75
0.76
40.35
M
31
2.27
0.53
M
90
2.61
88.98
M
13
0.10
33.97
M
53
1.17
14.6
M
76
0.5
48.66
M
83
0.36
69.44
M
63
1.59
28.7
M
59
0.92
0.81
M
60
0.39
68.75
M
79
2.5
75.45
M
95
1.77
54.16
M
25
1.13
99.66
M
31
2.67
57.20
M
45
0.9
22.95
M
61
0.87
0.79
M
91
1.68
92.58
M
34
0.43
3.85
M
42
2.53
79.63
M
46
0.79
72.54
M
50
1.96
2.30
M
31
1.37
60.92
M
83
0.59
64.15
M
98
1.93
71.61
M
59
0.36
79.20
M
68
0.18
90.58
M
69
0.10
6.74
M
93
0.65
78.57
M
37
1.74
28.14
M
83
2.54
59.49
M
61
0.56
4.53
M
42
1.0
92.50
M
40
1.0
86.51
M
21
1.54
69.18
M
93
2.6
96.23
M
36
1.70
22.36
M
44
2.52
91.34
M
46
0.0
21.26
M
95
1.50
36.63
M
96
0.23
60.29
M
66
0.22
94.12
M
18
1.18
1.28
M
91
0.29
59.98
M
18
2.79
97.21
M
40
2.41
24.19
M
32
1.62
63.63
M
79
1.96
63.60
M
73
2.29
94.62
M
90
1.22
84.17
M
52
1.58
25.62
M
23
0.74
4.70
M
18
1.80
87.55
M
83
1.24
21.28
M
100
2.98
42.10
M
71
1.40
15.13
M
96
1.85
90.80
M
27
1.69
11.56
M