97
0.49
92.92
M
68
0.30
0.64
F
55
1.34
79.4
F
94
0.63
77.52
F
95
2.80
5.23
M
68
2.24
34.12
M
57
1.14
16.12
F
100
0.11
37.50
F
53
1.84
43.99
M
30
1.97
71.47
F
85
0.50
8.35
M
87
1.2
13.67
M
66
0.2
3.82
F
94
0.36
30.95
F
77
0.28
46.88
M
31
0.9
91.36
F
42
1.78
9.81
M
28
2.96
47.45
F
38
2.87
56.98
M
20
0.65
5.75
M
74
1.9
29.77
F
34
1.56
48.62
M
99
2.95
75.18
F
45
1.75
50.1
F
31
0.19
80.86
F
14
1.25
52.10
F
70
2.88
0.32
F
57
1.63
26.7
M
63
1.71
94.75
M
41
0.4
78.0
F
80
1.51
53.62
F
96
2.81
76.61
M
37
1.46
32.44
F
23
2.93
14.49
M
23
2.57
3.32
M
20
2.56
62.3
M
49
1.48
6.29
F
14
0.54
81.6
F
45
2.79
91.31
M
28
0.88
70.19
F
41
0.81
21.81
M
51
2.47
60.10
F
11
0.39
20.59
M
75
0.59
33.53
F
56
1.10
25.89
F
54
1.16
61.73
F
47
1.46
90.18
M
99
0.76
11.32
F
59
2.47
25.30
F
92
2.6
14.28
F
53
2.69
43.83
F
93
0.52
27.38
F
81
0.11
97.99
M
68
1.43
39.31
M
85
0.30
60.64
M
94
0.28
98.53
M
93
1.95
74.45
F
23
1.90
95.63
F
84
0.80
47.45
M
90
1.18
59.17
F
44
2.36
50.26
F
58
1.0
89.66
M
95
1.10
86.39
M
90
0.77
46.48
M
72
1.5
81.92
F
20
1.71
27.90
M
51
1.1
24.22
M
65
1.85
57.66
F
84
1.31
12.99
M
41
2.46
5.99
F
21
0.78
30.92
F
42
0.44
28.46
F
82
0.58
99.83
F
31
1.59
74.80
M
15
1.78
42.5
M
56
1.85
63.24
M
93
1.89
38.8
F
10
1.29
99.71
F
16
2.70
88.10
M
89
0.43
15.61
F
99
0.90
35.4
M
10
0.43
9.7
M
17
1.88
60.70
M
77
0.43
18.63
M
75
2.0
93.93
F
18
1.32
59.4
M
77
1.9
12.12
M
87
2.0
47.10
M
32
2.35
8.49
F
54
1.21
94.15
F
22
2.73
37.75
F
23
0.22
26.96
M
53
0.49
70.93
F
28
2.59
59.63
F
50
1.43
89.18
F
89
1.44
78.43
F
84
2.0
94.68
M
45
2.99
76.74
M
86
2.6
33.99
M
15
1.38
73.35
F