76
2.97
14.84
F
78
0.87
7.69
F
91
2.41
60.21
F
10
0.74
91.37
F
40
1.41
79.93
F
40
1.96
70.23
F
43
1.47
62.52
F
76
0.42
69.3
F
58
1.51
14.3
F
53
2.29
10.31
F
71
1.99
66.96
F
57
0.53
80.1
F
59
1.45
86.55
F
71
0.34
81.34
F
99
2.88
55.2
F
62
0.60
60.70
F
45
0.5
79.3
F
74
0.22
67.13
F
20
1.29
46.42
F
65
1.2
59.96
F
27
0.3
52.78
F
92
2.24
38.23
F
76
0.46
79.91
F
21
0.52
90.33
F
58
2.97
61.2
F
73
2.72
56.43
F
82
1.93
88.22
F
75
2.2
29.87
F
46
0.69
80.19
F
94
1.95
35.29
F
81
1.53
49.20
F
35
1.21
60.91
F
48
0.32
8.44
F
52
0.1
96.97
F
68
1.95
58.65
F
41
1.28
18.2
F
14
1.19
35.61
F
87
1.35
96.12
F
36
0.50
74.21
F
23
0.53
81.56
F
60
2.58
6.48
F
76
0.26
24.91
F
38
1.2
20.79
F
46
2.10
69.82
F
53
1.49
83.13
F
74
0.15
33.49
F
53
2.69
73.5
F
84
2.61
25.36
F
45
0.83
59.73
F
51
2.41
96.69
F
92
1.61
73.18
F
81
0.94
4.0
F
45
2.15
57.40
F
13
1.36
32.86
F
93
0.14
55.54
F
58
2.39
96.94
F
11
2.15
87.43
F
78
0.87
29.68
F
54
2.0
68.88
F
84
0.34
57.76
F
43
1.20
79.28
F
89
0.78
25.75
F
19
2.38
43.43
F
87
2.43
50.4
F
31
2.15
83.69
F
43
1.2
65.86
F
98
2.2
88.15
F
96
0.16
69.50
F
32
2.49
7.96
F
91
0.54
82.57
F
14
1.80
74.20
F
43
1.14
47.49
F
13
0.70
35.17
F
43
1.55
56.29
F
86
0.10
83.69
F
76
1.26
17.63
F
41
2.49
90.15
F
85
2.68
49.83
F
74
1.75
60.58
F
29
2.2
13.86
F
13
0.9
17.73
F
80
0.88
39.88
F
63
1.84
26.71
F
63
2.2
73.76
F
17
2.56
29.66
F
60
0.62
11.12
F
32
1.40
76.93
F
100
1.75
58.59
F
64
1.12
20.39
F
67
2.88
77.52
F
68
1.79
59.23
F
97
1.67
87.62
F
30
0.98
67.96
F
28
1.7
72.94
F
11
2.50
60.15
F
42
1.99
89.24
F
23
2.71
30.42
F
66
0.73
47.36
F
22
2.78
53.36
F
42
2.74
30.36
F