71
2.58
63.76
M
81
0.40
64.27
M
66
1.34
13.81
M
13
1.83
21.7
F
35
1.20
35.10
F
18
2.97
34.32
M
30
1.81
57.59
F
68
0.9
10.41
M
95
1.24
63.58
M
87
2.1
89.93
F
79
2.42
14.53
F
15
2.71
99.22
F
24
2.95
73.36
F
55
0.48
74.29
F
83
1.46
35.82
F
32
2.74
38.73
M
60
1.59
14.60
F
86
0.22
9.48
M
45
1.73
82.19
F
88
2.30
20.8
M
39
2.47
28.68
M
98
2.93
85.35
M
83
0.83
71.98
M
11
1.5
73.38
F
12
0.71
61.35
F
59
0.75
78.64
F
71
2.17
69.28
M
21
2.99
99.60
F
87
0.46
1.71
F
84
1.42
33.20
M
59
0.83
19.88
F
43
0.4
47.65
M
65
2.18
98.72
M
39
0.87
89.99
M
94
1.84
3.98
F
29
1.99
65.19
M
77
2.76
25.39
M
75
1.73
38.36
F
14
1.49
15.17
F
25
1.42
99.43
F
10
2.62
1.93
F
18
0.76
16.35
F
63
0.54
79.82
F
44
0.3
60.25
M
92
0.31
62.34
F
85
2.74
76.2
M
68
1.80
32.83
M
72
0.94
84.11
F
98
2.27
90.28
M
58
2.73
40.86
F
67
0.42
80.42
F
23
0.21
97.46
M
82
2.62
42.14
M
28
0.4
2.20
M
23
1.13
87.80
F
34
1.27
94.97
M
70
0.13
84.9
M
67
2.70
48.72
F
65
2.25
95.15
M
45
1.86
82.29
F
100
0.80
73.54
F
84
1.95
83.42
M
37
0.62
77.17
F
93
2.62
88.2
M
79
1.7
55.7
M
63
0.23
99.64
F
66
2.48
46.51
M
46
0.20
92.37
M
72
0.53
27.50
M
40
0.17
64.70
F
15
0.12
54.39
F
43
1.1
3.61
F
76
2.48
50.83
F
84
1.70
9.74
F
34
1.10
17.80
M
69
0.41
25.40
M
10
2.32
94.83
F
93
0.1
47.17
F
20
0.53
52.17
F
43
2.48
37.40
F
50
2.97
97.26
F
46
1.5
93.45
M
53
0.14
36.17
F
90
0.77
70.82
F
69
2.49
39.90
F
60
2.50
60.94
M
40
2.98
44.35
F
30
1.23
50.18
F
38
0.91
71.69
M
69
2.49
15.70
M
38
1.64
85.99
M
31
0.47
89.53
F
40
1.68
36.64
M
27
0.87
31.85
F
80
0.97
53.18
F
96
0.61
9.11
F
84
2.25
87.0
F
96
1.11
87.66
M
82
2.68
69.93
F
59
1.64
31.83
M