84
0.68
93.65
M
33
2.86
33.25
M
59
0.69
40.99
F
85
1.84
1.30
F
88
2.47
56.77
M
77
0.44
16.59
F
95
2.24
0.11
F
74
1.54
63.69
M
67
1.83
87.49
F
68
0.82
39.98
M
96
2.25
83.30
F
81
0.97
5.51
F
46
0.15
27.39
M
88
2.34
33.28
M
64
0.86
99.74
F
88
0.25
25.42
F
69
1.86
15.38
F
49
2.53
79.12
F
91
2.58
14.64
F
14
1.46
2.41
F
85
2.13
29.28
F
35
1.3
22.46
M
71
1.89
91.60
M
15
1.26
91.30
F
39
2.69
39.54
M
64
1.19
44.70
F
68
1.5
21.93
F
80
1.75
57.87
M
75
2.59
62.91
M
53
2.28
26.5
F
34
1.45
18.99
M
54
0.42
67.39
F
54
2.34
76.73
F
78
0.46
70.84
M
63
0.26
84.19
M
84
0.52
56.52
M
50
1.1
4.55
M
11
2.95
65.15
F
41
0.21
8.35
F
71
2.48
53.80
F
76
2.55
49.10
M
96
0.83
56.76
F
69
2.64
45.84
M
46
0.23
51.85
F
17
2.2
6.65
F
74
2.74
97.6
M
95
1.94
76.48
F
12
0.45
2.41
M
16
0.5
30.62
M
70
2.53
22.87
M
16
1.42
97.54
F
50
0.5
77.5
M
51
0.55
31.35
F
71
2.93
3.31
F
92
1.68
15.85
M
13
1.34
19.26
M
89
2.18
53.30
M
12
2.76
86.71
F
42
1.9
2.37
F
88
2.97
35.7
M
47
0.73
83.18
F
75
0.83
61.15
F
66
0.39
63.61
F
50
2.44
18.57
M
40
0.11
79.76
M
89
1.27
10.61
F
62
1.58
13.92
M
50
2.91
91.34
F
91
0.22
77.71
M
62
0.0
88.33
M
63
1.23
61.29
M
98
2.66
48.43
F
51
1.5
7.42
M
89
1.97
35.0
M
61
0.76
13.51
M
40
0.48
77.27
F
10
2.43
77.53
M
84
0.71
59.69
F
69
1.37
39.6
F
10
1.40
55.31
F
25
1.3
32.89
M
38
0.6
55.99
F
69
0.99
21.41
M
85
1.88
49.93
M
14
0.6
30.85
F
82
0.68
74.18
F
67
0.20
13.30
M
84
2.96
9.89
F
76
2.97
47.6
M
21
2.51
47.6
F
84
1.21
85.15
F
15
1.74
50.35
M
10
2.41
27.88
M
100
2.86
31.32
F
74
0.96
79.0
F
95
2.85
17.11
F
64
0.93
85.95
F
67
1.65
64.81
F
23
2.55
21.54
M
43
2.56
67.44
M