10
-1858146185 -1789221817 -1090676808 -798465001 -489467349 -188361347 351714001 1162012797 1246571114 1413133097
688
622819689
1246571114
-1789221817
252444998
-1859669902
-188361347
-1899943812
2078042040
-768398523
-1946595912
-1090676808
-1295187381
779793061
-807522148
-797125844
395608233
756349081
1413133097
1162012797
-489467349
2020146414
843043814
1413133097
-338009180
567837104
1417583952
852059398
-485558967
-1886089291
-1858146185
1413133097
292943305
-909243630
-1468637850
-489467349
1162012797
-1867229277
475286767
-28705829
-1789221817
-489467349
1413133097
-1632311147
1030024402
-798465001
-657985648
-1090676808
-1789221817
1413133097
351714001
-798465001
-489467349
-798465001
-921685008
-1789221817
-259443648
-798465001
-1789221817
-489467349
-798465001
-555559754
-877307871
-1090676808
351714001
-798465001
-1713308270
301993919
-901969921
1246571114
-243318670
-2106387066
-489467349
-1890916709
1162012797
284439850
872284583
-1387384520
1162012797
666771648
-1080243239
-400367877
1639148429
-924152862
-430196568
1498755056
-137916931
1079466028
1162012797
-188361347
613679224
1465176512
734496002
-1728187536
-869364968
-1789221817
201434847
-1709982876
-1006005033
2145643742
237814008
-798465001
405511192
-1090676808
-188361347
1162012797
1437417244
-140346477
-188361347
-834404442
1413133097
-366294891
1162012797
503397757
-489467349
-338467718
-948610056
-420156818
-798465001
47801090
351714001
-337509142
1413133097
1033135724
351714001
786562594
351714001
1246571114
947310748
-540094834
1413133097
351714001
-644028240
1898650216
-798465001
-1897302847
1670759011
1060791857
545986237
1246571114
-1751364805
960191276
-871238888
1246571114
-188361347
1224088542
-870649379
1162012797
495905319
-489467349
-1184161508
-1789221817
-1324988805
920343517
-1252395831
-1386782133
-937169035
1887913740
-1084580036
-739713612
390230223
1022957239
-188361347
-1552023321
-798465001
-1901500613
1381301450
-157219119
-489467349
-280649419
373541128
-1629327645
-798465001
-1789221817
1036336981
1413133097
-1090676808
-1227623328
-1090676808
1246571114
-2074014860
754445475
1413133097
-683480911
-1858146185
1066231169
-1636896767
1789506464
-1090676808
-798465001
1413133097
1904985895
-1741781064
1246571114
-865923130
1162012797
1570694490
351714001
-188361347
1246571114
-798465001
2018245641
-1858146185
1246571114
-489467349
-1858146185
-799844988
1162012797
1194478916
890339650
219160342
2030561565
-1090676808
-135890727
-1090676808
1246571114
2135317196
1246571114
-587654077
1640990888
-587925855
351714001
-1789221817
-552804713
1413133097
-70127861
-489467349
-254623486
-1858146185
1724350520
-1591226108
135040789
-1041734907
-438738707
-1992208740
-489467349
-994609883
-2075626801
-1597238811
-1858146185
852804279
-284574523
-2085030166
1842859463
-1646466967
759451512
979403548
-1206675438
-614801778
1413133097
-1071567408
965037988
-1473099364
-541487716
-1488045892
-798465001
-472687956
1002861494
1576081534
-489467349
1557807101
298275043
351714001
-1882435126
1413133097
1162012797
-798465001
2082189778
-329005809
-2010056394
-1858146185
-188361347
1591707519
-1942232793
1901270328
351714001
931345553
-1796885825
-849126794
-1858146185
-1789221817
-8433394
8263910
624932565
-1473291131
-188361347
351714001
-717639574
-1088202952
-1942612383
-1858146185
-437969107
-489467349
-770611370
-2090894648
-443873653
-1858146185
1407070695
-1867812390
1246571114
-188361347
-1086470154
1162012797
351714001
1263565790
-1903466326
-688775615
-291733177
1213936855
-1588910865
-2122489454
-1858146185
-1907766651
1222693875
2018841031
1413133097
351714001
1686181802
1162012797
1588467534
-1505604742
-745639604
-733305953
-770020055
1413133097
2043962834
-1858146185
-275303528
-898597090
1297265276
-155100872
-1090676808
-1568114354
-1090676808
-832403786
823529339
-1789221817
-260043379
-1685588413
351714001
-450309764
1413133097
367051953
382898863
-1789221817
218533064
-1789221817
1413133097
1162012797
918197542
158383968
-188361347
1162012797
1413133097
1413133097
-1254355607
615403653
-682938731
672881685
-1090676808
-2057144610
2043176481
-412363584
-1858146185
-188361347
-1090676808
-489467349
-1090676808
1413133097
59099664
874824064
1162012797
-864931138
-314474746
1162012797
-798465001
-241254892
-798465001
1246571114
-1090676808
1162012797
353800346
737919292
-188361347
-489467349
1036318946
1606341416
-845185490
1413133097
1246571114
-1789221817
-823963753
-489467349
1162012797
-188361347
1961758423
-720273465
614472901
94902652
-1243663548
865925376
-489467349
-1942559689
-188361347
-1832927009
-9393298
1456181236
771802379
392772438
1162012797
-908060248
1162012797
124210298
1752128582
-864920407
-516124956
-134170363
1413133097
1246571114
1162012797
608900823
1039984630
1413133097
-997094647
-489467349
760237980
693115215
-1941248181
-1094211976
-995261595
-330576821
1413133097
1256091192
-489467349
-489467349
-298672135
249308190
-400527425
-188361347
-1789221817
-1168491715
1246571114
-188361347
1795059865
-188361347
1413133097
-1647505943
-489467349
1059491488
-911483782
-1789221817
-1087698364
602478525
-936714990
-1858146185
-798465001
-558428989
-1789221817
-798465001
1595381331
1246571114
1162012797
-1789221817
-1710608002
-1789221817
-1090676808
-1446248172
-1315682720
351714001
-1393652169
-1090676808
-1789221817
1413133097
1589909632
-188361347
-798465001
1560435337
1810754887
-798465001
-798465001
-1789221817
-24077722
-489467349
-489467349
-2045894110
1413133097
1162012797
1150024722
-409161956
-1586347943
-1090676808
-1090676808
-1317604346
-1806889553
1162012797
-1836416474
-1316181141
351714001
-188361347
1985998636
1413133097
-1549465320
1413133097
-530719105
1413133097
-1322944314
105445028
1413133097
-798465001
720738076
1413133097
-1778057704
-1090676808
1858661907
-1297635465
-678558869
-457015739
-1858146185
-173027988
-639107544
2097169595
56913167
536129955
-1602096863
-405566622
-1858146185
-1090676808
-628835287
1246571114
-1974496827
-929599782
-1789221817
-317284591
-1858146185
-1789221817
476014036
-1858146185
1246571114
351714001
1307420084
-62795950
-1455564247
-1957150955
1698105634
1258464823
-1168100929
-180322196
-1243763579
-818891674
-1044612839
2055086385
494806091
-281207328
778996310
1915670377
-1858146185
-489467349
2061924441
1018374523
1246571114
1162767862
1413133097
-640751947
-1209532177
-1639585463
1413133097
1246571114
945114197
-281355687
1162012797
-1090676808
-798465001
-1084193572
307120303
318054942
843093736
1162012797
-1090676808
1246571114
-132293725
-1858146185
2048100567
-1858146185
-652282694
-2112304436
-489467349
761171737
-1046310593
103289990
-1789221817
-428649851
2051048773
351714001
-55106513
852316041
-1061001624
1708855776
586578604
-1700787211
-99600318
95075136
1162012797
1201711997
1592174839
-1731302188
673887469
1246571114
761814442
-27568619
-2085735911
-1858146185
-1858146185
-686813278
351714001
-188361347
-798465001
1162012797
1246571114
1563985139
1609434860
-42928435
351714001
1671689409
-1725988642
1863038939
1246571114
-489467349
-1480407228
-1989263084
2036825518
1913696872
-1894707236
351714001
-798465001
-610703356
2097176294
-1789221817
-1181535965
-458117722
-489467349
-1789221817
1413133097
922002793
-88996628
180454718
-1789221817
1870777550
-1898713731
-1823072010
1246571114
364873016
1413133097
756545506
943535215
2008427632
-902611246
-1498937298
1617599770
-489467349
257737157
-2036736217
1246571114
1807232861
1456011618
-1126114880
-1327764806
-831393514
-188361347
796194062
1480855441
1304661670
1162012797
-1090676808
27946357
530412360
1082014615
1328379352
1491118785
1646815644
-489467349
1352018612
1582002708
193242151
351714001
-188361347
-1858146185
842094032
-798465001
2045724928