531
1.70 4.71 3.95
10.00 6.10 3.61
10.00 1.02 8.59
10.00 7.97 6.30
8.75 1.93 5.39
10.00 5.72 10.00
6.61 3.50 8.26
8.87 3.23 0.42
8.75 9.29 8.14
8.06 9.46 2.23
0.64 3.20 0.97
9.36 7.37 4.71
5.41 5.49 2.93
0.04 6.97 6.97
4.21 1.44 3.00
8.77 1.66 3.55
5.23 2.00 0.04
5.20 4.73 6.71
0.40 0.06 6.52
8.62 8.30 8.68
4.10 6.28 4.60
7.41 2.44 3.15
6.24 2.00 2.85
7.13 2.76 2.56
1.77 1.76 7.41
10.00 7.83 7.46
0.21 6.57 6.78
10.00 8.80 6.47
8.19 0.93 1.11
7.02 6.15 4.19
6.22 9.78 2.43
6.20 6.81 2.39
2.47 8.54 0.21
8.59 8.41 8.38
1.48 0.80 5.05
10.00 7.52 7.56
1.36 4.77 7.90
1.54 5.69 6.57
10.00 6.16 2.46
6.39 5.12 0.74
8.55 0.53 2.00
0.81 7.83 1.67
7.28 7.44 2.26
3.54 10.00 0.54
10.00 5.78 6.80
5.82 0.55 10.00
1.14 0.29 9.38
6.34 9.32 1.97
10.00 4.17 5.59
8.55 3.85 5.38
8.46 0.40 0.85
8.64 10.00 0.63
0.54 2.25 1.19
5.91 9.96 6.50
4.02 9.55 1.07
0.01 4.67 10.00
7.55 8.16 1.08
1.31 5.83 10.00
5.43 3.17 8.37
6.23 8.10 0.90
1.53 8.65 5.92
10.00 5.89 6.66
0.72 7.45 7.78
2.64 4.73 2.60
5.11 2.63 6.31
4.09 6.02 7.72
2.72 0.52 5.49
4.32 6.04 5.29
7.83 0.48 8.98
10.00 4.20 10.00
7.46 5.99 4.49
5.98 10.00 5.92
2.80 2.91 4.55
2.90 6.10 5.17
9.25 10.00 8.37
3.00 6.92 6.50
9.22 3.86 8.81
4.66 5.26 2.54
0.25 3.98 9.38
1.61 9.83 3.46
0.57 6.66 10.00
4.71 6.28 3.12
7.85 8.08 8.57
3.64 9.92 4.06
2.19 10.00 10.00
1.92 10.00 0.15
3.59 6.00 10.00
6.04 1.86 0.43
3.68 0.71 10.00
9.30 0.48 2.84
4.17 1.59 7.83
5.99 8.89 9.86
5.07 10.00 0.25
7.71 0.54 0.81
7.40 7.80 5.36
1.63 1.22 4.98
6.81 4.71 2.42
2.47 10.00 9.35
2.69 4.21 1.17
8.29 1.70 2.18
7.13 5.96 8.44
3.89 7.01 0.61
8.75 10.00 5.31
1.86 8.41 6.33
2.12 5.05 2.58
3.85 6.30 8.63
8.22 10.00 6.06
6.61 5.92 0.30
1.63 2.25 7.36
8.18 0.56 5.78
7.84 6.06 9.64
8.41 6.99 8.80
2.42 7.74 2.67
0.27 2.38 6.58
9.38 7.50 9.69
4.83 5.65 2.38
7.21 2.31 0.57
9.24 6.34 3.95
7.05 4.41 5.57
3.65 3.53 9.27
8.28 7.74 0.09
0.58 9.87 4.84
5.98 0.56 5.05
4.04 9.75 3.55
3.92 6.17 2.69
7.87 8.08 6.43
4.43 10.00 5.53
2.86 10.00 4.14
7.40 7.23 7.62
5.21 0.99 0.52
2.59 5.73 0.97
9.53 4.11 10.00
10.00 4.83 4.07
7.49 4.56 8.48
3.28 8.73 2.54
10.00 3.76 4.90
10.00 2.78 6.80
3.04 5.65 0.51
3.79 9.73 0.88
2.37 9.77 0.17
4.88 5.12 8.34
8.36 10.00 10.00
8.92 2.78 8.28
2.42 8.21 6.43
0.01 7.40 3.81
9.05 3.37 6.88
2.77 3.24 5.44
6.98 4.71 6.06
6.37 10.00 9.53
9.99 5.67 2.57
10.00 6.35 1.65
8.84 2.92 5.98
2.04 5.33 8.42
4.74 9.95 3.79
2.52 6.28 3.24
8.19 4.49 6.33
9.01 2.18 9.01
9.46 2.25 5.34
7.79 0.15 3.79
5.91 8.88 4.52
8.21 1.06 1.14
8.69 5.94 2.88
8.18 3.11 7.63
2.03 4.78 4.44
1.05 5.28 3.71
1.98 7.17 5.94
7.48 1.76 9.18
4.09 4.48 5.27
2.90 2.88 9.11
3.46 2.01 9.14
7.97 2.34 3.08
6.58 7.85 9.61
0.26 3.02 0.83
5.51 10.00 8.46
2.05 8.90 2.98
8.98 10.00 2.49
6.23 6.74 0.23
6.61 1.02 5.67
3.97 1.01 8.03
3.63 2.80 10.00
6.80 4.25 5.54
4.65 3.41 2.13
3.57 10.00 10.00
4.32 7.82 0.54
9.13 4.27 4.05
5.02 7.99 2.49
9.30 0.08 5.24
0.90 2.63 6.63
10.00 5.68 6.63
6.03 4.42 9.25
9.26 6.20 5.25
6.49 5.57 0.88
2.64 3.05 7.54
0.22 4.29 7.15
10.00 4.30 7.37
0.12 8.19 1.25
6.76 5.48 9.51
2.18 0.43 5.21
4.25 5.29 10.00
5.96 5.62 7.24
7.28 2.01 6.50
9.92 4.53 8.19
7.07 3.13 4.86
3.30 7.20 6.77
2.09 5.84 4.56
7.98 6.21 5.49
8.00 0.15 2.40
1.87 5.26 5.12
10.00 1.96 3.25
3.96 2.44 4.51
7.28 2.48 6.70
10.00 5.68 5.18
6.85 8.95 0.83
8.51 2.24 7.41
2.18 0.01 0.55
1.53 4.49 6.99
6.19 6.10 1.71
9.57 7.92 6.07
9.11 3.33 0.69
8.11 1.55 1.38
8.39 5.39 10.00
6.93 2.89 5.57
9.88 3.82 3.80
7.57 3.49 7.04
10.00 2.15 1.59
8.46 5.92 5.33
5.12 10.00 9.31
10.00 1.16 0.71
9.70 4.96 1.04
7.75 8.96 7.51
2.41 8.81 1.35
5.90 6.48 8.08
0.23 0.31 7.72
9.88 0.90 8.68
8.29 9.06 9.85
3.66 8.13 6.01
5.76 4.78 9.85
9.60 7.77 10.00
3.18 6.29 5.97
7.77 9.23 4.84
0.67 1.37 9.00
0.93 3.01 5.37
5.77 8.28 4.11
3.93 6.35 1.27
9.39 1.96 5.85
7.96 4.14 7.63
7.33 3.07 4.18
7.05 1.98 2.49
3.35 4.33 6.12
0.44 9.56 1.61
0.65 6.12 2.45
8.19 5.40 2.93
10.00 2.33 7.77
0.67 10.00 7.62
8.18 10.00 3.53
6.03 10.00 7.67
8.03 3.48 7.33
4.02 6.27 8.28
1.36 5.55 0.23
4.55 9.19 1.56
4.67 6.08 8.00
5.72 7.03 9.08
0.09 6.56 4.44
10.00 3.45 0.12
7.04 10.00 7.43
4.23 2.35 4.31
5.30 1.40 7.57
5.17 4.65 0.25
6.16 5.93 4.95
4.60 3.79 9.79
0.73 2.81 7.30
8.52 1.68 8.79
4.89 0.25 5.10
3.90 4.51 1.60
7.46 2.76 9.01
2.07 5.25 9.10
10.00 0.64 1.23
6.31 4.48 6.69
8.55 5.70 7.86
3.81 2.70 9.88
2.47 9.53 5.97
3.72 5.96 10.00
1.62 1.89 1.31
1.08 5.46 5.64
9.17 0.21 5.51
2.47 2.16 3.15
5.47 4.17 2.62
8.51 10.00 7.60
6.37 3.79 1.35
3.14 3.56 8.21
7.40 10.00 3.17
0.24 9.68 7.11
4.55 8.58 2.69
4.42 0.67 4.32
0.27 2.54 2.18
9.73 0.81 6.30
5.25 7.86 6.04
1.91 2.28 0.68
8.39 6.84 8.77
1.08 1.90 0.96
3.08 8.88 5.41
1.12 4.93 2.25
3.84 3.83 10.00
4.28 8.26 2.85
4.49 0.00 0.87
10.00 7.35 4.94
0.19 7.08 1.57
2.15 5.69 4.12
5.58 1.17 4.07
0.62 6.15 6.37
0.90 5.03 6.44
1.91 3.63 3.54
9.32 4.74 4.23
1.79 6.34 4.52
0.49 0.54 5.23
4.81 5.12 9.75
8.83 10.00 10.00
9.39 6.98 2.43
4.22 3.54 7.42
0.81 9.38 4.52
6.07 1.49 9.11
6.85 6.02 4.27
1.92 8.75 3.49
8.56 7.76 9.15
9.37 8.80 4.65
2.03 7.01 1.91
6.80 6.10 8.50
1.98 10.00 1.04
6.67 0.23 2.87
7.16 2.68 4.37
10.00 1.31 2.83
3.95 1.22 8.09
7.54 3.47 10.00
6.02 8.86 3.53
3.69 6.96 10.00
0.41 7.37 4.42
8.27 0.70 10.00
1.37 4.95 0.43
5.38 5.01 9.55
10.00 4.15 5.85
5.78 0.55 7.78
3.90 5.29 2.50
0.59 9.66 1.56
7.15 5.49 10.00
10.00 10.00 0.28
0.57 6.38 9.95
4.25 0.68 6.33
3.61 2.56 8.95
10.00 2.38 6.62
1.61 6.80 10.00
7.55 2.45 9.46
6.13 3.70 0.89
5.59 0.62 3.11
4.22 8.70 10.00
5.71 0.61 4.66
10.00 1.42 6.27
3.22 5.28 4.36
6.59 4.53 0.08
0.40 0.26 5.22
5.96 5.54 3.92
2.67 8.09 1.26
0.32 8.63 2.79
10.00 6.39 10.00
2.86 8.31 6.87
1.40 9.80 0.73
6.13 6.40 8.22
0.82 1.49 8.37
2.99 3.91 0.91
9.53 9.64 8.08
8.15 1.41 7.92
10.00 7.26 4.66
4.87 6.61 9.12
10.00 8.50 5.23
8.08 4.83 8.66
3.95 7.95 5.45
4.80 5.50 1.56
10.00 10.00 6.84
1.85 2.17 8.54
5.56 10.00 1.70
1.26 6.99 4.82
9.49 10.00 0.88
5.78 0.49 8.75
0.92 8.27 10.00
1.28 3.62 10.00
2.87 10.00 5.78
9.91 5.15 4.95
4.23 6.27 2.83
4.06 8.37 10.00
1.68 1.65 9.74
5.08 0.59 2.62
5.23 2.78 3.64
1.11 8.56 7.64
1.41 8.69 3.17
2.84 7.91 4.15
2.79 6.06 10.00
10.00 7.74 0.98
7.31 0.61 4.95
4.14 7.95 5.32
8.91 5.86 2.79
2.99 0.29 5.59
5.43 7.22 5.30
5.29 8.61 4.10
9.71 1.52 5.88
8.36 0.39 3.12
7.85 2.74 3.46
3.74 9.13 7.60
7.02 2.92 10.00
5.03 4.50 7.06
2.94 6.06 4.51
10.00 4.20 3.31
5.80 5.11 4.75
9.91 1.09 0.84
7.50 10.00 6.70
5.11 2.82 10.00
0.96 4.72 7.46
2.98 4.71 4.71
5.67 10.00 2.36
10.00 7.02 5.93
8.01 1.06 0.04
10.00 8.89 8.67
0.26 10.00 3.18
8.74 8.71 10.00
7.37 8.46 0.23
10.00 6.38 4.88
5.11 2.49 2.83
6.22 6.47 7.13
5.21 7.80 6.68
5.13 2.01 2.86
6.28 8.88 8.97
9.27 7.49 4.92
1.45 2.03 6.05
10.00 10.00 6.55
9.88 3.55 4.30
0.48 1.85 6.68
2.38 3.04 7.10
1.03 4.28 4.12
7.17 5.01 7.90
6.71 10.00 3.82
8.13 9.03 6.24
7.93 10.00 9.32
10.00 8.00 1.61
5.61 0.27 4.86
0.73 9.63 1.62
1.28 6.35 5.58
7.84 10.00 2.65
7.37 10.00 0.32
5.99 8.99 3.38
4.12 3.99 6.66
1.29 1.38 5.91
7.28 6.93 10.00
7.28 7.79 0.22
2.52 6.35 3.99
6.87 6.96 5.59
10.00 8.79 6.21
4.79 1.38 8.69
10.00 2.02 10.00
2.44 8.36 4.79
10.00 5.63 2.49
10.00 8.38 4.20
1.61 10.00 8.38
1.63 9.59 9.77
7.43 3.07 9.82
6.28 8.40 7.07
10.00 9.65 2.35
0.28 8.31 2.71
7.48 1.25 3.61
4.78 6.83 2.12
1.15 2.48 1.61
7.05 7.11 10.00
6.97 9.69 8.01
6.72 3.78 3.01
2.36 0.76 10.00
10.00 4.17 9.93
1.84 1.92 5.13
8.76 1.02 1.20
1.17 1.52 2.41
5.67 0.26 8.36
5.29 1.96 1.86
10.00 5.46 6.58
7.81 10.00 9.78
4.35 10.00 6.24
7.23 2.77 8.98
1.07 1.58 0.13
2.75 1.41 3.09
10.00 8.32 9.98
1.01 2.68 1.95
2.60 3.69 0.83
3.76 5.21 6.86
3.49 5.18 3.45
5.19 10.00 4.40
6.82 5.78 1.90
2.74 4.85 4.34
4.09 5.78 7.21
0.46 0.05 4.13
3.71 6.26 6.04
1.50 7.40 1.03
10.00 0.76 2.69
6.78 0.72 3.89
3.52 6.77 5.93
5.46 7.17 10.00
9.99 3.75 2.47
4.34 5.62 4.49
0.27 10.00 4.52
9.47 7.62 0.43
8.34 8.46 5.24
10.00 3.31 8.91
0.19 6.02 1.72
4.93 1.51 7.81
5.78 2.79 10.00
3.80 8.41 8.88
6.75 0.04 9.04
7.46 6.30 8.21
1.84 0.72 3.22
10.00 5.86 8.09
4.53 6.58 3.21
6.09 5.21 4.05
8.07 0.45 6.23
10.00 3.28 5.69
4.40 1.05 0.69
5.60 10.00 9.85
1.85 7.67 2.29
4.24 10.00 6.13
1.01 5.50 7.60
4.18 2.48 5.55
3.62 2.11 10.00
8.11 5.06 8.73
8.46 0.64 6.78
3.65 10.00 7.53
4.78 7.21 2.91
0.17 5.74 10.00
3.85 2.91 1.67
