247
0.68 2.34 9.57
8.69 1.05 10.00
0.76 0.93 9.62
0.99 8.19 1.86
3.14 5.45 1.65
3.89 6.55 3.40
7.26 0.45 7.38
1.16 7.03 1.83
6.33 1.97 5.45
1.28 3.80 4.58
2.64 6.40 3.93
4.10 0.13 10.00
9.03 7.04 10.00
5.03 0.77 2.75
8.93 4.18 9.90
3.05 9.35 10.00
0.05 0.90 10.00
9.86 10.00 10.00
7.61 10.00 5.97
8.79 6.98 2.71
4.47 9.33 6.57
6.87 3.57 8.58
2.90 4.85 2.96
7.47 6.18 6.07
2.74 1.45 0.71
1.10 2.24 4.55
8.56 3.26 8.62
3.34 0.59 6.09
8.38 5.69 4.88
10.00 0.31 8.13
7.62 4.79 9.72
3.05 1.35 10.00
7.84 0.99 4.39
0.84 0.37 2.47
2.70 7.11 0.56
7.15 6.20 6.66
3.47 4.51 2.09
4.07 4.33 1.11
7.65 4.29 10.00
6.25 10.00 4.49
2.60 2.21 1.46
8.13 6.77 6.57
10.00 7.18 5.23
5.87 3.86 9.01
6.29 10.00 5.75
2.06 2.16 9.06
2.35 8.18 8.43
9.90 5.30 1.50
10.00 5.93 10.00
9.31 3.75 10.00
7.46 2.44 10.00
5.11 9.25 9.40
7.43 6.09 2.16
1.73 8.73 6.82
1.89 0.26 0.95
2.99 9.94 2.26
9.94 10.00 3.45
10.00 6.80 5.36
9.03 10.00 9.57
7.00 10.00 7.62
8.84 10.00 10.00
10.00 7.83 3.08
8.80 8.76 2.36
1.69 3.87 0.76
0.57 9.19 5.77
0.97 8.89 10.00
2.12 1.05 6.32
8.09 10.00 9.37
4.14 0.49 3.67
6.87 2.12 1.39
1.82 1.95 4.68
2.41 3.63 5.13
6.08 8.04 6.64
1.89 8.25 8.17
1.70 9.59 1.89
10.00 3.14 2.48
9.87 6.89 10.00
7.90 3.21 2.18
9.78 2.84 9.74
4.92 7.50 7.67
2.91 9.25 9.43
5.82 1.97 5.05
10.00 5.28 1.82
3.36 3.33 10.00
10.00 8.06 5.93
9.37 8.39 0.34
6.37 6.46 5.80
2.13 9.73 3.30
9.68 3.10 4.18
1.01 10.00 1.19
3.17 4.55 10.00
5.03 2.80 8.68
4.56 6.29 3.66
5.76 7.30 8.89
4.67 9.27 1.01
8.28 7.68 10.00
2.37 6.67 7.07
1.26 0.67 3.97
5.47 6.88 0.24
5.43 9.40 0.44
0.39 1.57 2.45
2.24 5.53 5.13
1.94 10.00 7.53
2.79 9.97 8.43
10.00 9.94 3.93
1.01 4.14 7.45
1.75 9.31 8.96
5.10 9.72 5.02
9.03 10.00 2.85
10.00 8.72 5.00
7.75 8.49 1.50
8.11 5.39 2.36
3.53 7.02 9.72
2.18 0.32 8.41
3.13 0.74 9.92
2.68 9.67 0.91
9.30 6.78 8.69
4.80 9.84 8.97
6.55 2.81 0.76
10.00 3.48 3.44
2.95 9.47 4.51
2.86 4.50 4.91
2.35 0.02 1.37
4.14 4.83 4.75
3.50 2.63 5.69
10.00 8.47 1.51
1.34 8.55 7.47
0.89 9.01 9.34
4.71 0.31 6.42
9.68 3.56 10.00
3.93 7.48 8.69
8.36 1.39 1.96
3.45 8.00 9.56
0.85 4.98 0.50
7.91 9.11 10.00
8.00 8.92 6.10
10.00 2.06 4.21
4.23 9.99 9.84
6.38 10.00 6.47
8.23 4.03 8.84
6.98 4.85 8.84
5.49 5.52 5.02
6.79 3.78 5.52
7.99 9.41 4.76
2.29 3.25 6.40
5.50 9.47 2.73
7.12 6.40 4.10
4.02 3.03 0.49
5.91 5.89 7.17
9.98 5.57 6.16
8.36 2.84 7.21
2.74 6.37 8.29
9.81 0.68 6.77
10.00 0.01 5.71
8.44 8.72 3.57
5.09 7.50 3.33
7.91 6.52 9.56
6.44 9.95 8.36
0.71 2.70 1.49
3.95 4.29 6.20
2.29 9.28 8.66
9.81 9.52 9.73
6.94 0.83 1.06
8.34 9.43 4.14
10.00 2.95 7.94
6.51 7.56 6.62
8.27 3.29 2.57
7.52 6.51 3.57
0.41 6.35 3.22
7.88 10.00 4.39
0.30 8.66 6.35
3.59 2.23 5.14
0.70 10.00 5.04
8.64 0.30 5.19
9.05 0.80 3.51
10.00 8.91 9.24
2.18 3.82 10.00
9.47 4.60 3.91
1.70 9.05 0.31
8.88 4.52 2.32
0.76 7.79 1.05
9.03 10.00 0.32
0.17 8.72 6.03
9.79 1.09 1.23
1.09 2.36 4.11
4.17 10.00 3.30
7.80 7.38 9.42
9.77 3.13 0.43
7.19 7.06 1.18
6.01 7.16 5.58
2.37 1.61 8.00
6.86 1.02 2.02
5.96 4.67 3.35
10.00 9.21 9.31
8.21 1.43 5.42
7.65 7.59 3.49
2.84 6.34 1.35
0.48 9.74 6.60
3.90 4.55 7.27
9.72 4.18 6.22
4.36 6.90 2.08
8.30 0.92 8.08
5.12 10.00 7.96
10.00 10.00 7.05
6.27 0.11 5.30
3.02 0.55 7.37
5.63 1.21 5.99
8.53 1.46 2.59
1.28 2.67 6.22
6.44 10.00 7.15
6.05 8.63 1.81
0.46 4.14 0.51
4.77 6.24 7.40
1.31 4.16 4.32
2.62 5.99 1.41
7.50 3.42 2.46
10.00 6.51 4.97
2.53 1.83 8.35
9.46 0.26 7.74
6.73 7.21 1.33
9.64 0.33 4.94
10.00 1.35 3.33
2.65 9.92 7.67
6.21 2.48 1.48
8.47 6.93 1.69
4.19 2.89 6.86
3.14 5.66 0.16
1.51 8.04 1.95
3.86 8.39 0.58
10.00 9.13 1.68
4.86 0.09 3.34
10.00 8.91 7.71
10.00 9.64 3.20
9.25 2.49 1.68
0.22 3.76 3.32
7.83 9.17 8.82
5.41 9.22 9.99
9.08 5.90 2.00
2.31 3.54 3.88
7.97 10.00 7.05
3.47 7.92 6.98
2.75 2.40 0.85
5.64 0.70 0.67
0.43 0.85 6.55
3.10 5.54 2.31
3.33 6.81 5.27
8.49 9.72 1.11
