732
10.00 0.61 5.63
6.55 2.29 3.36
7.71 0.75 3.68
1.02 10.00 6.68
6.80 3.55 1.18
8.82 6.89 0.06
6.14 9.92 10.00
10.00 9.19 0.62
3.23 4.45 10.00
7.90 8.82 7.85
0.89 2.65 4.78
10.00 0.67 3.16
1.24 7.81 8.59
8.19 7.13 3.20
2.88 6.24 5.84
4.55 9.62 0.68
6.40 0.53 8.75
8.24 0.19 6.32
2.84 4.07 6.58
7.85 9.34 5.89
6.12 10.00 1.44
3.15 10.00 7.91
1.83 8.76 9.39
8.32 8.51 7.19
2.98 1.82 1.90
0.99 10.00 4.60
10.00 8.41 3.93
5.07 7.34 10.00
2.19 6.14 9.13
8.80 0.29 8.91
6.60 6.55 1.19
0.37 0.80 8.47
7.49 4.23 9.79
6.25 8.13 2.43
1.40 3.61 8.83
1.85 9.02 1.61
5.31 1.09 2.97
6.12 2.55 2.52
0.89 4.54 9.84
5.15 7.20 2.64
0.32 3.88 10.00
4.71 8.69 4.51
5.94 9.53 2.36
2.26 0.71 8.87
4.90 1.98 0.15
7.10 10.00 8.87
9.04 3.96 2.62
9.45 9.89 3.45
2.20 5.58 10.00
9.95 8.57 8.74
6.41 3.90 1.56
9.22 5.68 4.74
6.37 5.35 9.87
2.26 0.34 9.72
2.08 7.29 3.88
10.00 1.94 2.24
5.18 9.14 6.28
5.25 7.98 4.75
4.45 10.00 3.19
9.12 4.20 5.01
3.93 9.28 7.38
9.32 0.97 0.85
3.98 7.12 7.58
2.77 0.74 2.36
7.00 6.86 8.49
7.35 5.58 8.97
2.72 0.59 6.16
6.09 4.01 9.98
3.37 4.35 10.00
6.38 3.10 4.40
2.13 9.97 9.93
1.53 1.06 2.16
4.07 2.24 10.00
0.27 2.01 4.08
8.97 7.64 8.58
1.76 1.57 6.62
0.87 6.68 9.20
0.40 8.50 7.86
0.53 2.16 10.00
0.84 1.05 1.24
0.85 9.94 1.55
8.14 9.41 3.93
0.08 7.81 9.19
7.22 0.90 4.78
6.47 10.00 0.24
7.99 10.00 0.87
6.64 5.21 10.00
10.00 0.87 4.61
1.48 2.60 2.11
9.03 1.56 2.21
9.61 5.09 6.78
6.31 2.77 8.97
8.94 10.00 10.00
3.78 4.84 10.00
3.07 5.09 6.63
8.09 5.52 1.01
9.62 3.38 1.09
7.46 4.86 4.11
9.01 4.28 3.31
9.44 8.60 1.64
9.19 10.00 3.30
7.04 9.64 2.61
6.82 9.51 8.67
2.74 6.48 7.43
5.65 1.73 8.21
4.88 3.39 5.60
6.20 10.00 5.50
2.59 4.83 5.70
8.52 9.36 9.01
7.97 0.41 3.70
0.09 9.61 5.19
0.45 0.39 8.71
9.01 10.00 10.00
8.06 0.07 0.18
2.78 6.07 8.65
8.71 9.79 2.72
10.00 1.41 3.71
8.42 5.89 7.10
0.12 1.80 10.00
2.42 10.00 7.62
9.47 1.11 1.62
2.43 3.25 4.29
5.35 0.99 7.13
10.00 1.08 4.01
9.44 4.24 4.48
5.85 4.75 0.69
8.56 6.03 9.92
0.74 4.38 10.00
3.24 2.64 5.41
0.99 0.08 2.02
9.08 3.67 0.90
8.69 3.77 5.74
1.86 2.14 1.16
6.11 7.23 7.02
2.71 2.95 8.69
9.72 9.62 4.26
2.67 8.42 10.00
2.79 1.62 8.70
10.00 2.54 8.72
0.92 7.76 8.49
9.20 10.00 2.26
0.41 2.64 8.02
7.52 2.73 7.66
2.65 8.28 9.01
3.94 7.76 7.93
6.64 8.90 5.48
2.96 8.90 7.01
8.64 3.57 0.23
9.44 9.82 8.50
10.00 1.99 6.63
1.13 4.10 2.25
7.71 7.60 2.91
3.10 9.80 7.75
4.40 3.26 6.36
1.85 2.98 6.14
0.68 6.93 6.23
8.91 10.00 2.23
5.41 7.66 10.00
7.07 7.46 6.29
4.57 5.53 0.20
2.88 6.56 2.94
1.59 2.63 7.08
10.00 2.14 5.41
9.73 0.66 8.65
8.53 2.33 10.00
6.71 4.81 5.09
3.28 3.61 8.23
10.00 6.27 1.65
0.51 7.19 9.12
1.22 5.39 2.72
8.61 8.77 2.05
3.36 3.04 10.00
7.41 10.00 0.51
2.06 1.58 3.00
8.28 7.46 2.21
6.37 7.34 10.00
8.26 3.85 9.50
7.44 7.58 7.51
6.54 1.67 9.64
2.10 7.67 9.02
5.11 4.99 9.67
7.58 8.17 0.71
0.96 9.25 1.76
6.98 2.25 0.50
3.66 4.49 1.66
5.78 5.14 2.50
1.67 2.10 3.65
7.41 1.93 10.00
5.72 9.21 9.71
1.82 4.39 10.00
5.43 10.00 1.88
7.43 0.48 5.50
9.99 7.63 9.26
4.89 10.00 8.32
3.71 6.55 2.37
9.87 4.32 8.34
10.00 10.00 1.24
2.65 8.13 8.65
3.60 8.16 9.41
3.26 8.97 9.69
4.89 2.09 1.97
4.61 1.72 6.18
9.82 3.42 6.57
2.79 0.13 2.59
5.79 10.00 0.36
3.37 3.19 6.41
7.72 3.50 2.43
2.26 9.52 6.71
10.00 8.49 2.04
1.68 3.63 4.89
3.93 7.23 0.06
5.65 10.00 9.69
6.67 9.96 8.32
1.41 6.18 10.00
7.23 2.97 10.00
3.47 7.55 10.00
1.72 3.89 7.69
9.19 3.56 6.77
8.47 2.66 10.00
0.52 6.01 6.91
5.33 1.99 5.31
1.79 5.76 10.00
9.81 9.11 3.89
5.38 4.58 5.55
10.00 6.84 6.17
1.59 2.43 3.39
7.06 7.00 4.38
0.55 2.54 6.05
10.00 3.73 9.13
0.18 10.00 2.56
7.71 7.36 3.40
3.14 2.57 9.53
4.41 5.46 9.82
5.44 5.72 4.39
2.79 7.20 8.24
0.13 3.93 7.34
10.00 9.59 5.21
8.98 0.56 8.77
10.00 1.51 1.58
4.77 1.71 0.65
4.24 7.53 4.59
4.94 1.58 2.86
4.85 7.37 1.00
0.05 4.28 7.05
3.61 5.47 3.89
9.53 0.92 5.41
0.63 0.58 3.04
1.63 6.28 1.16
1.36 0.31 1.27
0.20 3.40 0.70
6.11 0.82 2.34
3.08 0.90 2.77
8.17 2.62 7.98
8.38 4.88 3.19
1.97 5.88 2.95
6.31 4.62 3.14
2.77 9.41 8.69
7.26 7.68 0.54
3.91 1.48 1.95
5.95 3.75 9.65
4.99 8.54 5.54
8.00 3.41 2.05
4.59 8.23 6.61
8.13 9.95 0.34
2.18 4.07 5.65
3.27 7.19 3.14
7.39 5.04 3.70
1.35 10.00 7.16
3.33 0.74 10.00
10.00 10.00 7.17
3.27 1.92 5.59
5.18 1.63 1.56
3.92 0.98 7.97
3.83 10.00 5.77
4.19 4.04 8.10
0.72 10.00 8.52
3.85 6.41 3.42
3.87 8.75 0.90
5.06 1.65 7.99
5.83 2.13 9.42
10.00 5.60 1.01
7.85 3.50 10.00
7.86 10.00 1.14
1.46 10.00 6.33
4.32 6.38 5.04
1.80 10.00 9.05
7.80 2.18 4.13
9.74 2.48 5.27
5.95 4.07 1.94
7.50 2.18 3.65
9.23 7.83 7.83
4.94 10.00 10.00
7.02 4.95 6.63
9.84 6.76 8.48
9.65 6.60 9.45
9.88 2.21 10.00
1.07 0.42 9.61
10.00 8.33 7.30
8.33 6.79 3.29
8.15 6.56 3.39
5.98 1.47 1.79
3.46 5.91 0.89
10.00 1.39 7.77
0.56 2.91 6.08
9.46 5.49 1.42
6.86 10.00 6.25
6.69 1.03 1.25
6.14 0.80 1.89
2.99 10.00 9.35
2.09 8.06 1.59
2.97 10.00 3.15
8.72 4.12 4.37
9.24 6.57 8.57
7.35 5.22 8.34
2.65 9.41 1.10
7.03 6.00 4.87
10.00 1.55 6.30
9.72 0.08 2.50
7.17 7.84 4.34
10.00 7.62 1.49
5.33 8.81 2.76
4.00 2.09 6.25
9.26 1.84 2.18
7.42 2.81 3.26
4.21 7.18 3.30
7.45 1.70 10.00
0.78 9.12 8.86
8.33 9.37 7.63
6.93 3.65 1.92
8.35 9.05 6.18
9.63 2.93 6.03
10.00 1.07 1.98
7.85 5.84 7.41
2.15 5.64 6.71
4.93 7.18 2.38
10.00 1.19 1.68
0.52 9.35 5.85
4.76 9.39 2.84
0.84 4.78 5.38
1.67 10.00 4.40
9.17 8.64 10.00
2.21 6.43 4.33
4.00 7.35 10.00
10.00 1.35 9.96
0.79 10.00 2.29
5.34 4.03 5.77
0.10 8.49 10.00
2.46 6.90 2.20
10.00 2.75 3.13
6.71 3.26 4.62
10.00 1.28 4.53
8.60 5.94 6.70
5.74 2.91 6.12
9.71 4.74 5.03
7.29 4.60 6.02
9.49 2.28 8.67
8.42 1.77 3.31
5.26 4.32 9.57
5.76 6.76 2.54
0.10 3.24 2.79
4.12 5.39 5.79
4.10 3.38 9.59
4.45 4.00 2.40
9.35 8.30 9.31
9.52 10.00 8.22
10.00 1.82 3.73
10.00 9.33 8.71
6.61 4.05 8.63
7.29 8.02 8.98
10.00 0.93 1.98
0.29 3.74 1.46
0.25 4.38 1.71
4.11 1.08 2.64
0.96 5.99 6.03
9.94 0.56 0.58
10.00 2.55 10.00
0.44 10.00 10.00
0.04 8.70 2.98
4.40 8.51 2.26
8.03 6.79 7.16
5.77 6.97 3.81
7.28 8.56 1.81
1.32 2.11 5.05
9.70 5.22 10.00
9.12 8.84 7.96
2.75 4.36 7.63
2.70 9.52 1.12
8.70 1.44 5.94
7.65 3.23 3.15
6.12 1.53 10.00
5.93 10.00 5.33
5.04 9.41 6.48
4.11 0.32 4.27
3.44 0.74 10.00
3.49 5.43 0.00
0.13 5.52 8.12
0.61 3.93 2.78
10.00 2.06 6.08
6.43 0.84 3.17
4.36 9.04 10.00
1.48 7.01 3.20
7.58 2.49 2.32
7.34 0.43 3.42
6.76 9.25 1.27
6.28 7.32 8.87
0.79 9.57 9.74
4.12 1.93 5.55
4.40 7.61 4.72
9.27 2.79 1.49
5.12 4.35 8.08
3.31 9.87 2.32
2.86 7.72 8.28
7.51 2.97 8.21
5.87 10.00 7.58
7.08 8.61 2.83
2.44 8.32 8.32
4.52 2.82 6.27
4.93 8.85 9.37
1.98 5.71 2.80
3.27 5.62 9.37
2.58 8.09 0.51
2.43 0.98 3.50
10.00 9.05 9.31
0.64 6.21 3.65
8.24 10.00 2.45
1.26 0.08 2.19
2.94 1.30 4.41
0.53 6.13 8.04
10.00 3.55 1.32
7.05 3.00 7.95
2.98 8.05 10.00
9.33 10.00 6.93
0.28 2.92 4.34
6.38 4.69 0.78
5.28 2.71 10.00
8.47 0.96 7.72
9.83 9.24 5.96
4.57 4.83 10.00
5.91 2.42 10.00
1.48 5.61 6.31
9.59 8.59 6.34
1.36 6.35 7.28
4.74 6.78 6.48
6.55 10.00 4.86
7.46 2.08 10.00
6.34 5.23 8.13
1.81 9.64 5.30
2.02 0.08 1.83
1.70 5.42 7.00
10.00 4.22 0.36
2.18 4.70 3.71
4.06 1.02 10.00
2.94 5.57 5.92
0.69 1.61 4.05
2.18 3.22 2.06
1.76 6.92 6.51
2.40 9.73 0.33
10.00 5.17 9.36
3.04 2.70 2.27
1.87 7.31 1.82
6.86 3.92 3.51
10.00 6.01 6.70
0.11 2.07 2.69
9.98 8.83 7.36
7.54 10.00 9.61
9.98 7.16 5.74
7.92 5.56 1.19
9.57 8.93 3.59
3.91 8.61 6.28
1.86 0.34 2.49
2.82 9.80 7.66
1.28 10.00 4.50
2.70 0.02 9.13
0.44 10.00 6.56
8.27 1.47 1.74
3.50 8.06 9.38
5.20 9.95 9.98
9.23 3.67 9.47
5.69 6.62 8.28
1.54 4.45 8.52
3.53 10.00 3.11
3.03 9.02 6.54
1.37 0.81 2.40
10.00 4.04 8.59
9.68 10.00 6.70
4.44 0.12 7.65
2.28 3.47 3.91
0.87 0.69 2.88
8.06 1.31 0.54
5.80 10.00 2.72
10.00 3.82 9.94
9.74 10.00 3.73
8.40 3.09 7.01
4.37 9.35 1.07
2.18 10.00 0.46
6.37 4.53 2.18
0.12 7.78 4.98
9.12 1.48 1.55
3.44 0.44 3.58
4.01 1.30 1.69
4.75 0.04 7.76
1.46 6.72 9.57
9.78 0.44 5.04
6.19 9.51 2.60
2.44 9.59 7.33
0.67 8.14 9.30
0.75 9.31 8.48
9.11 10.00 2.52
2.59 8.46 8.68
5.59 6.87 0.27
5.73 2.77 5.18
10.00 4.65 0.97
8.85 8.90 7.55
3.67 5.96 5.90
6.11 9.37 2.04
5.13 4.54 9.40
0.29 9.36 8.78
3.40 10.00 9.93
2.61 10.00 5.71
1.88 7.80 6.74
10.00 5.97 6.77
1.30 4.97 1.80
3.57 0.71 9.39
6.57 4.34 0.72
8.28 5.42 2.52
8.38 9.42 4.44
4.73 5.07 4.48
2.20 9.46 4.00
4.75 10.00 6.31
3.76 10.00 7.77
0.45 4.02 1.91
4.10 3.95 2.12
9.32 1.45 4.80
4.46 2.14 5.95
8.07 2.36 3.50
0.79 7.78 5.29
1.23 6.86 0.04
6.45 10.00 3.38
9.47 8.95 0.17
9.18 2.78 6.82
4.76 7.95 8.87
4.54 6.10 8.43
5.65 1.09 1.49
9.78 6.68 0.56
8.48 8.00 6.10
3.05 1.41 4.41
0.09 2.85 3.15
1.27 8.69 1.13
2.48 1.79 3.88
9.50 5.40 1.93
8.09 1.86 2.18
3.90 8.20 9.49
6.04 6.46 9.34
8.79 10.00 2.72
5.54 2.60 1.98
7.59 7.35 9.91
2.68 2.44 2.32
5.08 3.62 4.43
5.16 8.28 7.27
8.82 6.29 9.84
10.00 4.49 7.68
1.30 0.63 9.79
10.00 8.46 6.28
5.43 9.95 7.86
3.13 7.91 0.16
10.00 8.55 4.26
5.74 6.22 7.50
3.05 5.52 7.27
6.00 6.59 7.39
5.86 0.16 10.00
7.18 1.81 10.00
10.00 10.00 2.25
8.16 10.00 4.77
6.80 10.00 0.35
3.76 9.24 0.41
0.90 6.01 1.74
8.62 9.15 9.83
9.32 6.07 7.01
6.92 7.11 7.09
5.21 7.76 10.00
5.50 7.63 9.99
2.14 10.00 7.64
1.86 1.50 1.34
0.21 8.47 3.08
9.68 10.00 9.44
1.37 0.50 8.46
6.94 10.00 1.14
5.08 3.85 1.53
9.45 3.53 10.00
7.93 8.34 9.06
3.62 8.85 5.22
9.96 9.48 0.41
3.66 2.94 2.30
10.00 1.33 2.26
6.42 0.78 0.08
5.26 7.42 1.26
6.82 4.28 8.02
10.00 0.63 0.02
9.78 4.57 7.65
9.88 3.25 1.61
2.68 10.00 9.60
2.84 5.50 1.27
2.44 0.36 10.00
1.13 6.04 7.09
9.67 10.00 1.99
3.21 5.58 0.45
7.71 5.27 4.37
1.94 2.22 2.22
6.06 5.27 4.92
2.35 6.32 6.70
2.21 10.00 4.70
9.05 2.48 4.32
0.53 2.44 1.60
4.10 4.19 7.63
8.46 4.00 3.55
7.71 8.13 0.45
10.00 1.86 9.94
1.61 10.00 10.00
9.73 9.44 6.84
9.63 9.59 6.92
4.69 4.02 5.80
9.61 5.95 5.69
8.67 1.56 8.75
4.58 2.10 9.37
6.99 2.02 10.00
9.92 5.03 7.01
2.84 8.92 8.66
6.58 7.63 9.30
5.25 5.32 4.81
2.76 10.00 6.33
3.84 10.00 9.92
5.52 2.76 9.75
2.57 1.78 5.50
9.63 7.15 8.76
2.39 0.05 2.18
6.60 9.61 8.71
3.34 3.66 0.45
4.08 4.41 1.16
3.78 0.97 2.15
10.00 5.66 5.81
6.33 8.20 6.17
10.00 3.92 8.58
7.65 10.00 2.37
1.83 2.36 8.99
10.00 8.26 0.84
5.36 6.56 1.04
5.53 3.45 8.60
5.26 2.48 7.46
1.51 1.15 4.99
10.00 5.57 10.00
8.21 6.16 8.81
2.21 0.39 9.70
3.00 5.10 0.36
0.16 9.48 3.08
8.26 8.64 1.99
2.89 10.00 9.00
2.84 4.63 7.54
10.00 0.88 4.32
2.09 2.04 6.10
1.79 10.00 2.45
3.40 4.40 5.61
10.00 9.69 1.37
1.84 7.68 5.60
10.00 9.83 1.43
1.76 10.00 8.62
1.80 6.33 2.40
0.43 2.36 9.32
0.13 0.70 6.75
6.35 10.00 4.24
6.80 9.24 3.54
0.16 2.83 0.52
2.95 1.43 9.27
10.00 8.77 9.84
6.26 2.80 9.70
5.56 1.85 10.00
5.11 4.11 1.56
6.67 9.13 1.60
4.12 10.00 2.90
9.01 1.37 6.23
9.78 6.06 4.06
4.39 0.45 2.66
4.89 5.07 0.01
5.54 10.00 1.47
0.99 4.43 8.04
5.03 1.01 1.54
10.00 5.80 3.95
1.54 0.05 1.20
5.55 5.34 1.06
7.93 7.98 8.24
2.20 5.49 4.05
4.58 7.07 0.49
6.87 4.75 5.13
10.00 2.37 4.85
1.49 8.94 1.00
1.44 9.62 8.05
4.64 6.33 6.38
7.00 0.02 4.54
2.13 8.93 4.86
7.62 1.69 7.67
4.34 8.17 4.06
6.42 4.65 4.90
2.99 8.61 3.86
8.13 9.22 2.64
3.80 6.04 7.88
1.67 8.37 5.96
8.59 1.21 6.61
9.15 2.29 0.22
2.14 10.00 3.12
4.36 5.89 0.72
10.00 5.98 0.08
6.71 8.21 7.65
2.97 5.29 5.67
3.21 5.02 6.31
4.52 3.50 5.08
10.00 2.82 1.65
8.36 10.00 5.23
6.69 8.99 2.85
7.28 4.22 3.35
9.60 7.67 6.93
8.35 10.00 4.16
6.67 6.23 10.00
3.48 7.89 7.35
8.58 7.82 5.69
5.33 7.22 2.84
9.64 8.06 5.78
3.56 9.89 10.00
0.73 2.25 7.38
10.00 8.15 8.62
3.72 7.42 5.47
3.11 1.21 8.53
10.00 2.19 9.84
7.90 3.14 6.61
