569
4.34 3.56 6.44
7.16 0.83 0.90
9.09 3.58 2.83
3.34 9.85 2.51
3.23 1.78 10.00
3.60 1.78 6.76
10.00 2.49 8.66
0.67 5.39 2.98
0.19 7.20 9.36
4.97 0.47 10.00
2.73 6.94 5.29
4.61 8.37 10.00
10.00 1.27 0.96
9.83 5.09 10.00
3.88 5.96 1.80
6.41 1.74 10.00
0.06 0.28 10.00
7.63 8.54 9.56
10.00 8.74 8.23
9.50 10.00 3.67
9.61 4.42 9.64
1.75 6.26 0.72
6.61 8.29 10.00
0.00 1.45 6.34
8.64 0.53 2.58
10.00 3.76 3.79
8.31 4.10 0.86
8.87 1.28 3.20
2.62 8.92 0.17
4.90 3.30 8.07
2.22 1.94 6.89
8.18 4.03 9.31
1.47 2.37 0.96
3.11 6.04 6.16
2.35 1.72 5.50
4.25 1.07 10.00
1.40 0.15 4.55
4.40 9.10 7.27
5.32 8.48 0.60
1.04 6.10 0.35
4.96 4.12 5.15
7.24 7.68 0.70
5.22 3.90 4.02
2.37 2.06 4.81
10.00 1.68 9.35
10.00 4.65 1.48
7.39 9.46 2.69
5.12 2.66 5.24
6.41 6.94 3.69
6.64 7.09 4.49
7.73 8.60 5.87
9.66 5.66 10.00
8.19 0.44 10.00
9.28 2.59 3.02
5.43 10.00 6.02
6.94 8.75 1.92
2.96 5.84 3.78
9.31 4.06 3.07
1.42 5.89 4.19
5.57 5.29 5.53
3.95 3.08 2.17
1.74 3.44 7.22
0.41 5.15 3.10
10.00 5.06 2.62
1.70 4.94 6.01
5.92 3.54 4.54
7.14 0.55 8.18
7.81 2.97 6.94
2.50 4.19 9.09
7.01 0.02 0.26
9.58 7.96 6.86
2.82 10.00 1.70
9.19 0.71 8.92
1.45 2.17 6.20
6.23 7.40 1.99
7.51 3.12 0.50
7.78 2.56 10.00
3.36 9.46 0.02
10.00 9.15 7.23
0.14 7.66 9.25
9.90 4.05 10.00
3.18 7.30 10.00
7.44 1.20 7.12
4.23 6.01 0.08
4.00 3.25 9.87
5.67 10.00 0.64
0.73 4.01 1.86
9.36 2.47 0.48
0.44 2.56 2.08
1.06 6.40 3.57
1.88 8.61 5.73
1.70 10.00 1.27
9.34 5.87 1.93
1.13 3.82 4.27
4.91 3.63 6.07
5.83 4.13 5.14
2.12 6.97 6.27
5.98 0.77 0.15
6.85 2.23 0.62
2.67 1.25 4.84
8.68 5.05 7.94
3.64 2.56 2.30
4.17 3.81 4.65
5.29 0.45 0.98
10.00 5.65 9.62
2.60 0.75 0.96
6.86 5.70 1.46
9.01 0.15 10.00
1.32 1.69 3.14
10.00 0.58 5.41
8.22 5.38 4.36
2.71 0.88 3.03
3.23 3.01 5.00
2.71 0.01 1.26
4.06 1.34 9.76
4.30 4.40 7.44
5.71 1.37 4.21
4.71 8.83 4.68
3.86 6.12 2.50
10.00 0.06 1.67
6.31 1.83 7.81
0.97 7.00 4.35
1.75 7.21 5.67
9.64 9.53 0.53
4.37 2.74 8.23
5.92 1.02 4.95
7.36 2.87 6.34
9.19 6.96 4.31
3.81 8.30 4.61
5.22 5.16 6.94
0.73 3.12 2.31
3.40 8.32 10.00
8.04 6.34 5.76
0.12 2.56 8.50
2.46 3.87 3.81
7.52 3.55 0.72
5.21 9.31 3.69
0.35 3.64 8.79
7.86 10.00 5.60
3.71 7.75 8.41
8.49 6.84 2.34
8.34 0.31 6.79
9.49 1.60 8.81
1.62 4.73 9.06
1.36 9.95 2.31
5.64 3.27 0.33
1.39 8.68 5.50
5.26 5.54 7.80
6.26 2.59 9.97
9.48 7.32 6.81
1.69 10.00 3.97
2.26 2.04 0.88
7.75 1.62 9.15
6.35 0.83 0.87
1.27 0.09 6.09
1.90 2.70 10.00
9.88 10.00 7.51
2.87 9.45 8.80
6.08 8.63 3.88
9.47 9.09 9.36
0.28 4.01 6.47
9.04 0.50 9.94
9.12 2.03 10.00
3.31 9.77 0.30
9.94 6.92 7.04
9.82 10.00 7.98
3.71 3.58 6.17
3.61 9.14 6.85
8.86 9.74 7.05
6.36 8.77 7.59
0.67 6.69 10.00
6.50 1.75 0.20
10.00 8.57 1.81
10.00 1.46 8.05
3.51 3.25 10.00
0.43 8.04 5.38
8.43 7.39 4.22
7.43 5.02 3.45
5.27 10.00 0.89
6.94 1.25 5.44
1.98 2.67 5.33
5.05 8.82 7.68
8.32 7.14 3.78
4.84 9.31 1.03
0.87 0.71 4.31
7.05 7.04 1.13
2.91 10.00 8.98
3.58 5.78 4.79
9.12 10.00 0.73
4.59 3.39 1.81
8.99 8.07 7.39
3.26 4.02 10.00
4.04 8.19 8.14
10.00 0.93 0.78
8.99 4.10 10.00
4.91 1.43 3.92
0.48 0.02 2.28
9.77 8.89 1.69
3.10 10.00 4.53
7.85 10.00 4.69
1.52 5.60 1.88
3.62 10.00 1.78
6.25 2.43 4.83
8.15 4.37 6.26
10.00 5.89 5.61
1.87 2.89 4.10
5.92 9.36 6.42
4.65 8.90 6.69
5.64 9.75 5.43
2.47 5.82 9.28
7.98 9.24 5.59
8.58 8.37 6.75
7.21 9.51 3.71
6.22 8.51 5.14
4.41 5.18 1.67
10.00 1.42 1.74
1.00 0.19 1.07
8.75 3.62 6.67
0.15 8.20 1.37
3.87 0.77 8.20
0.97 8.81 9.54
10.00 2.07 2.16
5.18 8.51 1.41
8.85 4.20 10.00
7.83 4.40 1.35
3.02 2.87 10.00
9.20 7.78 8.32
1.14 6.24 8.69
3.14 7.57 4.92
10.00 5.55 3.88
7.30 8.20 2.57
1.89 0.00 1.74
6.61 7.69 2.94
9.47 9.36 1.76
7.46 3.17 10.00
3.87 0.25 8.06
7.49 5.30 10.00
2.31 9.04 10.00
4.08 9.96 4.55
7.87 3.22 3.60
9.88 10.00 0.46
6.13 2.40 6.15
7.76 2.62 6.71
2.20 6.98 4.81
1.17 9.36 4.98
1.05 3.87 0.62
9.94 2.44 4.07
2.57 8.91 9.36
2.68 5.62 3.36
2.88 7.88 3.30
7.74 8.19 3.75
3.50 5.47 9.53
2.30 0.04 10.00
8.97 4.67 0.68
3.70 3.96 10.00
3.93 0.98 7.39
6.05 4.41 2.49
1.38 7.80 10.00
7.10 2.68 0.15
10.00 8.90 4.37
9.79 6.51 9.32
0.13 3.04 4.32
7.79 3.59 10.00
1.10 4.40 4.30
6.82 5.06 0.84
0.41 10.00 4.00
9.42 4.45 9.78
4.83 6.61 1.40
3.93 0.17 8.67
0.77 1.54 1.83
4.72 0.01 8.01
3.13 1.89 10.00
0.99 10.00 10.00
5.19 7.51 8.39
7.65 4.52 2.50
3.70 8.90 2.65
9.37 5.22 6.50
4.46 6.94 7.26
7.21 2.93 6.12
0.67 1.74 0.36
6.41 5.26 4.16
2.65 8.14 10.00
9.28 6.05 10.00
10.00 7.85 1.64
9.89 2.39 1.65
0.11 5.22 3.14
2.65 6.80 3.53
10.00 4.04 8.95
8.23 5.88 4.28
0.36 0.92 2.01
8.05 3.23 9.34
1.22 1.85 8.16
8.10 0.85 3.67
6.88 7.18 1.67
4.36 2.08 5.14
3.30 0.90 8.59
0.09 4.71 0.83
7.55 2.89 0.13
3.54 2.48 10.00
7.99 1.67 2.45
6.27 2.73 4.14
6.35 2.67 3.26
2.83 7.31 4.25
4.10 5.15 2.73
9.89 6.62 10.00
10.00 6.82 10.00
9.94 7.71 2.11
2.91 10.00 10.00
1.40 7.31 0.16
4.13 4.87 7.00
4.97 8.14 8.51
8.37 1.97 7.52
8.63 8.12 5.91
6.97 10.00 1.05
2.85 7.35 2.30
10.00 2.66 3.87
0.18 10.00 2.83
0.33 5.12 9.71
7.96 8.25 10.00
1.17 2.43 3.25
1.56 8.17 2.22
7.96 3.10 5.75
9.75 7.65 9.00
8.54 8.85 3.07
4.16 10.00 10.00
8.91 0.62 9.92
5.86 3.46 0.20
10.00 4.53 3.77
7.99 1.40 0.93
10.00 5.87 10.00
9.85 2.82 9.17
8.34 2.01 2.27
9.20 1.93 9.34
8.12 9.02 7.69
8.11 0.67 8.19
9.91 1.32 6.77
1.75 3.51 1.06
4.75 8.53 2.66
5.66 7.71 1.27
8.59 5.92 0.87
2.73 9.31 1.26
1.27 7.95 7.87
4.36 1.12 6.06
8.34 3.67 3.97
1.15 10.00 6.04
0.89 7.29 9.67
6.69 4.21 10.00
7.05 7.40 8.42
4.54 3.49 7.05
10.00 7.51 8.23
9.10 3.98 5.31
6.18 10.00 5.34
4.03 5.01 5.84
1.79 0.64 1.00
0.15 7.83 8.04
8.32 9.26 8.61
9.61 4.99 3.89
9.89 9.35 8.49
2.09 3.09 4.10
2.42 0.83 8.75
4.45 1.05 2.41
6.18 5.75 1.93
0.67 5.49 2.21
4.57 0.23 7.96
4.45 2.29 2.06
10.00 4.62 8.69
8.70 5.94 0.25
6.72 10.00 10.00
6.58 2.72 9.39
0.56 1.29 7.62
2.84 9.65 2.01
7.76 0.11 10.00
9.91 4.81 10.00
5.42 10.00 1.75
7.27 5.23 3.19
2.37 3.20 4.98
0.79 0.52 5.71
10.00 8.95 3.80
7.33 3.56 4.43
5.59 6.82 9.10
5.48 7.13 6.83
9.43 3.63 6.52
6.06 3.18 6.09
3.91 6.97 10.00
9.44 5.41 3.54
1.68 9.07 5.06
0.02 4.11 2.64
6.20 9.53 0.67
0.40 10.00 4.20
5.02 3.66 2.34
3.92 0.65 6.47
0.77 9.87 4.12
10.00 10.00 6.99
0.16 2.78 2.07
2.31 9.37 4.03
9.50 7.97 6.48
10.00 5.82 10.00
6.06 9.61 8.35
4.90 3.08 8.08
7.70 7.04 4.68
5.81 5.54 10.00
9.12 1.02 7.54
4.56 3.51 3.39
8.75 2.18 3.58
4.27 1.58 0.42
9.98 9.20 5.59
1.84 3.67 2.15
2.76 3.11 9.47
6.50 6.35 1.77
1.34 3.97 0.70
8.49 9.76 6.54
10.00 8.79 10.00
5.04 7.75 0.99
7.15 8.69 7.68
7.93 0.61 8.62
3.31 8.49 6.99
2.00 3.18 8.75
6.73 8.96 6.45
2.11 5.67 6.12
6.46 10.00 2.05
2.56 9.07 9.32
4.37 4.91 6.65
10.00 7.98 6.82
5.41 5.97 1.76
0.13 8.01 9.27
0.20 6.03 3.82
3.81 2.47 2.91
9.80 1.01 6.85
2.70 6.85 5.00
9.97 4.40 3.81
0.60 8.23 6.01
7.22 9.33 5.34
2.34 4.03 9.81
8.48 9.99 9.63
7.78 5.23 8.47
5.61 6.28 0.39
8.81 8.58 3.81
0.72 1.03 2.92
1.30 0.78 10.00
4.75 10.00 6.21
5.77 4.44 3.87
4.83 7.29 4.47
5.27 9.21 7.28
9.51 1.66 7.05
8.36 4.87 3.73
2.83 4.48 4.25
3.69 1.18 7.08
6.58 0.04 1.26
3.95 8.43 10.00
3.84 5.09 8.18
9.52 7.86 9.42
3.59 9.62 3.18
9.36 3.64 7.15
2.05 6.63 3.13
1.40 9.69 9.65
7.66 8.60 1.73
1.95 4.46 9.68
9.11 9.90 6.25
0.99 7.34 6.66
2.82 1.58 4.55
2.26 10.00 2.43
5.28 5.68 5.97
0.62 9.54 9.71
3.08 5.45 7.75
8.15 1.20 9.10
3.24 5.45 0.25
1.71 4.39 8.92
6.11 3.75 4.36
5.63 9.90 3.80
5.00 4.57 5.61
5.33 4.16 7.07
0.38 3.75 1.68
9.86 6.93 3.65
5.38 0.43 10.00
5.67 4.45 0.34
7.22 3.37 8.38
9.87 1.97 7.25
4.43 7.02 2.85
2.19 9.21 4.55
7.63 4.10 8.63
9.83 1.79 8.76
8.47 0.34 0.92
9.45 3.51 7.17
9.85 7.01 9.48
1.84 7.53 5.54
7.14 7.93 0.96
3.61 4.85 0.38
5.31 7.73 1.01
9.03 9.20 9.41
1.66 8.17 5.11
1.34 0.80 6.71
4.09 10.00 9.33
7.17 4.92 1.47
2.77 4.54 5.67
10.00 7.25 6.67
7.38 7.28 3.11
4.90 1.67 8.30
7.14 3.52 8.54
3.22 7.99 8.78
9.15 6.43 4.93
4.03 0.07 4.52
1.28 7.16 8.24
10.00 7.87 1.35
8.81 9.86 7.12
0.95 1.07 10.00
4.65 5.04 2.41
5.41 2.31 2.18
2.14 7.14 6.78
6.10 3.06 6.93
10.00 8.14 5.58
2.39 5.60 4.28
4.91 9.89 10.00
1.66 10.00 7.95
1.57 5.75 7.93
4.00 2.14 6.47
3.36 1.69 4.93
8.14 2.08 6.36
10.00 8.91 10.00
10.00 7.23 9.37
9.01 4.23 1.59
0.58 8.81 5.55
10.00 2.40 3.46
4.13 1.48 4.10
10.00 2.13 3.70
8.59 4.94 6.38
8.50 10.00 6.41
10.00 1.36 2.16
1.76 8.05 5.40
6.81 6.37 0.50
1.62 1.70 0.07
10.00 9.34 7.39
3.30 7.08 0.43
3.14 10.00 6.71
2.97 2.94 3.06
2.22 7.79 0.91
4.18 1.11 3.63
7.75 0.92 0.65
4.88 6.51 9.69
3.82 9.79 0.79
4.97 5.30 7.26
4.85 2.17 9.28
6.56 8.07 8.68
9.13 5.14 0.48
8.61 1.70 8.23
8.27 0.66 2.50
5.68 9.22 0.40
8.97 0.32 2.48
4.40 9.46 3.96
8.39 0.71 8.38
5.96 3.06 1.97
7.14 9.64 2.76
10.00 8.79 2.30
4.60 2.10 7.31
1.25 1.44 3.20
8.37 3.59 8.53
3.95 5.24 0.77
8.69 6.02 9.72
0.96 0.55 4.83
0.67 8.02 10.00
1.03 0.22 0.24
5.01 6.46 7.07
1.04 4.46 5.43
2.59 9.29 2.07
6.26 8.25 6.15
4.89 7.65 1.79
0.35 7.72 6.46
1.74 10.00 9.35
10.00 6.49 8.63
3.41 1.14 9.31
