248
2.37 5.73 1.30
1.63 10.00 0.29
2.81 10.00 5.81
7.38 5.12 1.89
9.47 1.85 2.01
0.20 10.00 0.49
6.07 0.48 7.39
7.44 2.08 8.02
10.00 2.48 0.88
10.00 2.97 2.89
0.46 0.46 0.84
4.65 6.45 6.45
1.71 8.61 7.23
5.00 7.52 8.39
9.59 5.87 1.43
3.84 7.04 4.12
10.00 8.53 1.69
10.00 1.07 4.18
0.98 7.46 5.33
5.40 0.75 7.00
4.47 10.00 9.35
8.13 6.93 1.91
8.27 5.95 3.59
7.36 6.24 0.79
4.47 10.00 8.09
9.59 4.00 10.00
5.23 7.14 2.89
8.11 9.15 10.00
5.38 5.51 4.72
1.06 0.15 5.19
3.19 1.59 6.51
0.64 10.00 2.63
3.95 1.80 8.64
7.31 0.60 2.88
10.00 4.30 6.38
1.68 10.00 0.33
4.60 0.20 5.73
10.00 8.19 5.42
9.90 3.58 0.40
10.00 5.03 2.11
4.94 9.92 4.63
6.97 6.23 7.79
7.21 1.80 9.13
0.85 7.88 10.00
3.13 1.10 5.65
9.07 5.23 10.00
3.67 6.87 7.00
3.66 5.56 2.19
1.34 1.11 0.23
5.27 7.59 4.30
7.94 10.00 0.13
5.16 4.82 2.66
0.90 5.80 7.88
7.39 8.95 7.26
0.22 3.89 6.02
2.14 4.83 8.06
10.00 3.76 2.35
1.57 3.21 7.20
6.02 8.41 4.02
2.61 10.00 5.12
2.75 0.34 8.95
1.34 4.10 3.86
5.04 6.29 10.00
3.54 0.96 4.00
3.40 4.88 8.74
4.15 10.00 8.03
9.59 10.00 0.77
9.25 8.02 6.11
1.22 7.79 9.95
4.18 10.00 10.00
5.33 4.95 9.89
1.40 3.46 5.73
5.13 4.93 10.00
4.43 2.90 0.60
9.08 2.14 9.67
4.00 9.84 3.29
10.00 1.24 2.47
7.63 1.73 4.21
4.48 5.13 10.00
0.72 6.15 3.12
7.25 9.41 1.27
5.10 1.88 8.70
6.71 9.89 6.31
0.89 4.07 4.07
6.10 7.32 1.39
1.72 8.86 5.26
4.72 0.53 2.96
4.66 6.22 5.10
6.69 2.81 8.53
0.43 9.63 0.06
8.90 10.00 10.00
9.90 8.73 1.44
5.30 1.70 5.90
7.45 7.86 1.93
2.53 1.64 10.00
8.97 7.10 0.84
8.04 6.28 6.54
1.37 7.84 6.47
10.00 10.00 0.38
9.07 8.43 0.76
0.86 6.75 5.21
3.46 10.00 10.00
4.23 0.25 0.09
1.60 9.55 8.44
6.20 4.24 6.11
0.03 4.67 5.35
3.48 5.17 7.20
7.47 3.41 2.08
0.84 4.24 5.47
9.84 9.36 9.70
9.60 0.18 7.92
9.67 8.79 10.00
9.04 9.89 3.35
4.33 8.05 3.84
9.49 2.70 5.75
10.00 9.58 4.60
5.39 0.39 5.12
7.06 9.85 2.24
5.52 1.36 3.93
5.23 7.45 3.00
4.13 0.16 8.52
5.05 0.52 2.13
10.00 2.00 3.44
5.22 7.91 9.56
8.15 5.90 4.28
7.01 4.47 7.26
7.79 7.68 9.09
6.57 3.67 6.49
10.00 2.50 2.33
3.71 1.87 6.13
8.92 4.53 4.05
10.00 2.70 5.81
7.83 3.80 1.94
2.16 7.94 3.37
0.67 6.67 9.42
5.30 9.82 3.42
4.61 5.93 10.00
8.39 4.87 2.66
1.17 2.75 0.60
3.07 8.18 9.54
4.60 0.48 0.30
5.82 5.22 2.20
8.48 6.39 2.55
6.66 7.78 8.37
1.61 1.03 1.06
1.52 6.69 6.81
9.52 0.91 4.21
9.26 1.54 0.67
8.98 8.04 10.00
10.00 8.26 2.43
0.02 3.95 0.29
6.95 6.85 3.03
5.00 1.02 2.15
7.22 10.00 8.32
5.39 9.48 2.47
8.13 6.93 6.58
3.60 0.68 10.00
4.85 10.00 7.37
6.91 4.39 1.34
7.46 9.44 2.61
5.74 8.68 9.77
1.11 10.00 0.51
2.45 9.76 9.57
8.16 3.20 3.36
6.45 1.83 6.98
0.03 1.12 0.04
9.43 4.16 6.47
4.32 4.60 4.96
10.00 10.00 0.46
5.35 7.53 7.10
1.33 4.96 3.44
1.73 2.68 4.25
1.43 10.00 2.52
1.69 3.86 2.47
0.75 3.12 10.00
9.28 5.87 2.09
1.27 9.80 2.72
5.75 9.77 9.06
9.86 8.45 3.48
6.40 3.03 4.21
1.72 1.72 8.00
3.35 4.64 10.00
6.83 5.05 5.09
2.39 8.83 7.91
9.95 6.92 9.19
1.33 0.67 9.30
6.02 8.06 2.48
1.22 0.84 1.10
0.94 8.06 10.00
10.00 8.79 6.57
5.68 2.52 8.39
9.47 9.25 6.22
6.19 9.75 7.36
4.25 0.96 7.46
8.18 1.81 10.00
9.62 1.60 1.45
0.15 7.32 7.91
9.74 9.30 5.45
5.94 0.68 0.33
3.05 5.05 1.30
9.25 4.59 3.87
5.96 7.74 3.16
4.11 4.72 0.07
10.00 5.34 2.15
10.00 8.13 7.28
8.01 6.06 4.00
0.32 3.68 7.07
8.80 6.05 4.27
4.20 10.00 0.69
4.25 4.59 2.52
1.52 0.15 9.62
7.81 3.62 7.31
2.26 10.00 0.14
2.03 0.96 5.82
3.79 6.18 4.47
6.45 4.38 5.17
3.43 10.00 3.56
9.46 8.34 0.06
8.60 6.00 9.56
3.72 1.16 1.58
6.44 6.60 2.26
4.61 4.24 7.39
4.11 9.85 0.44
0.16 6.89 1.08
9.67 0.83 4.41
5.54 9.68 0.24
1.07 6.28 9.54
3.51 10.00 3.35
8.50 7.65 10.00
6.67 9.48 8.77
8.49 4.14 4.99
6.37 3.35 2.71
5.10 7.91 8.72
3.34 3.76 7.35
6.19 2.95 8.76
10.00 9.77 5.71
3.49 10.00 7.03
5.94 2.80 0.49
5.14 2.77 8.04
9.17 6.88 4.50
10.00 3.16 9.50
3.99 8.56 4.55
2.99 5.71 5.70
1.05 7.64 3.70
9.50 9.29 3.93
7.70 9.68 0.24
10.00 5.52 9.82
9.38 1.53 6.80
