867
6.40 10.00 10.00
5.14 4.63 1.96
4.35 2.57 0.14
1.85 6.02 5.48
3.07 0.55 4.50
7.52 1.27 4.12
10.00 10.00 0.44
4.76 4.48 0.54
3.58 10.00 8.05
2.96 7.81 4.46
5.63 5.91 4.29
8.49 5.41 5.54
10.00 7.47 7.01
3.61 1.64 7.75
0.01 6.85 3.53
2.89 9.08 1.82
10.00 8.87 7.40
8.29 5.10 2.35
0.99 9.69 9.74
10.00 9.50 9.96
2.35 5.94 9.72
6.60 0.04 6.73
10.00 2.41 6.19
5.05 4.75 7.21
8.70 5.75 0.72
10.00 6.18 4.82
4.64 3.91 1.51
7.33 3.31 3.54
6.24 2.55 7.65
4.37 9.19 9.81
1.27 5.80 8.33
3.15 8.62 10.00
9.20 2.56 5.43
5.99 9.79 9.28
6.07 2.87 3.15
6.92 8.24 6.58
3.31 10.00 4.18
6.56 4.67 6.37
6.91 6.02 7.39
0.02 9.42 2.46
0.26 5.52 8.91
1.52 5.32 8.27
1.74 9.30 3.23
9.71 8.40 9.51
6.32 0.76 2.97
10.00 10.00 2.72
2.30 5.85 8.29
3.69 4.23 6.21
4.96 7.24 9.13
7.44 2.14 6.22
7.95 6.24 3.36
7.09 1.68 3.48
0.82 8.45 1.21
0.02 4.63 2.93
0.97 8.12 3.73
3.97 3.65 10.00
0.60 8.53 1.64
9.30 4.20 0.71
5.46 7.67 7.41
6.58 3.32 7.29
3.57 0.45 7.04
6.11 1.51 8.34
2.54 9.65 10.00
9.33 10.00 2.96
1.62 7.79 3.86
8.59 8.30 8.64
3.78 6.03 10.00
8.53 3.90 6.93
2.11 9.16 0.19
2.22 8.36 7.15
4.55 9.07 10.00
7.49 4.16 3.01
4.24 9.63 10.00
0.45 0.87 9.60
1.91 9.72 9.52
0.08 1.43 7.78
8.94 2.12 7.94
6.83 6.37 4.85
0.23 1.97 0.52
2.41 9.70 1.92
0.54 7.34 8.01
0.41 8.86 6.50
7.35 6.05 5.72
5.73 9.05 4.96
8.79 9.84 6.59
8.52 6.38 5.37
3.37 5.57 4.17
7.02 4.00 10.00
0.17 4.37 10.00
2.84 8.57 4.04
7.10 1.45 1.46
0.54 8.91 0.55
6.24 1.33 6.44
4.08 8.91 9.81
2.17 7.54 1.64
5.76 2.10 5.11
2.64 0.54 6.01
6.79 8.68 9.22
8.50 10.00 10.00
1.48 7.56 6.00
1.25 3.22 8.50
7.62 8.87 9.61
7.97 0.78 8.41
0.88 10.00 7.12
7.72 5.74 10.00
9.72 8.19 8.83
1.45 9.71 2.27
3.55 9.85 3.03
6.44 5.01 3.16
2.88 3.89 5.04
8.29 0.73 9.29
6.25 2.03 8.46
2.93 5.00 6.84
3.21 9.00 4.02
6.36 2.90 6.02
2.07 9.61 8.96
0.67 1.47 9.06
8.91 7.91 7.34
10.00 0.19 8.17
4.56 1.75 1.70
0.03 3.79 6.60
9.02 0.14 0.43
7.73 4.64 4.69
6.79 2.39 3.49
0.56 0.89 6.10
7.37 3.45 9.37
4.87 10.00 3.95
10.00 10.00 5.31
4.24 9.49 0.69
5.73 4.29 2.67
5.21 7.23 4.70
2.69 5.86 8.62
6.53 0.70 7.64
9.29 9.87 3.90
2.01 5.02 9.45
2.30 8.32 8.40
5.66 1.41 8.18
6.81 0.58 8.62
8.56 9.62 3.83
10.00 7.48 10.00
8.92 0.40 0.33
0.16 3.99 7.19
8.45 5.21 6.42
7.89 9.36 6.49
8.28 10.00 7.04
10.00 1.76 7.27
9.02 2.87 10.00
9.97 3.79 0.69
3.66 1.62 8.73
3.10 10.00 4.17
0.77 2.42 1.38
9.22 4.74 1.84
2.37 8.53 8.55
5.42 4.73 10.00
4.08 7.36 4.91
0.65 3.76 9.41
3.57 3.83 3.93
3.69 9.95 7.18
1.12 6.23 10.00
7.94 0.96 8.93
10.00 7.99 1.14
8.25 7.56 4.05
1.70 9.15 3.23
6.21 1.35 9.04
7.20 4.61 6.36
1.45 0.89 7.48
3.48 10.00 10.00
0.80 5.76 9.91
2.60 6.20 9.43
4.31 6.73 10.00
9.99 1.58 7.50
8.99 5.21 1.63
3.86 8.06 0.95
1.42 1.61 4.22
5.33 2.41 4.11
5.66 6.52 9.04
7.32 1.26 1.62
1.38 7.60 10.00
3.87 7.74 10.00
5.22 10.00 0.97
8.55 10.00 7.43
9.22 4.22 5.14
3.37 5.64 3.00
10.00 9.63 0.81
5.53 10.00 10.00
0.01 9.46 1.99
9.33 8.80 3.71
6.83 4.09 7.77
7.17 6.28 7.74
1.30 7.36 1.25
7.76 9.79 8.05
9.43 6.63 2.62
0.62 7.92 0.21
8.10 3.90 9.53
0.05 10.00 1.13
6.90 9.22 1.16
2.14 1.24 10.00
4.13 1.62 2.62
9.24 6.54 9.32
3.76 5.91 9.99
4.29 7.80 8.74
4.46 3.19 4.83
5.31 1.75 6.19
6.34 9.55 8.20
4.69 7.60 5.93
2.51 9.08 3.90
3.79 2.54 5.48
2.85 8.19 1.57
3.22 10.00 4.49
1.15 9.14 5.51
7.38 6.72 4.10
4.23 1.80 10.00
0.09 2.95 9.31
8.50 3.80 0.81
8.44 10.00 10.00
2.42 4.25 3.85
6.32 7.40 0.34
8.17 4.39 6.35
10.00 10.00 5.12
6.52 1.22 9.55
6.14 7.29 0.31
10.00 6.48 3.80
10.00 3.98 9.78
6.39 8.98 10.00
5.48 5.09 9.91
8.05 8.00 3.04
9.46 5.29 7.18
9.91 5.25 5.59
4.83 5.54 5.84
8.43 6.97 6.64
3.64 1.58 4.05
8.31 4.80 6.48
6.20 2.64 7.89
9.44 6.43 9.49
10.00 9.16 6.94
6.76 5.37 7.82
3.93 7.04 6.66
2.38 2.56 4.44
5.28 4.88 2.71
5.47 6.46 5.24
3.00 5.79 9.08
4.39 0.91 5.71
1.86 2.68 9.25
7.80 4.66 3.40
6.05 10.00 0.30
0.32 9.52 6.08
4.66 9.50 9.42
1.13 2.05 3.20
6.91 4.29 9.59
0.99 1.09 5.17
6.40 2.00 3.48
2.48 8.20 6.74
4.40 0.44 2.58
9.50 3.88 9.01
2.59 4.67 2.98
8.36 2.49 5.52
3.85 3.21 7.99
3.79 4.37 2.18
4.93 0.13 4.92
6.98 10.00 0.51
5.08 2.03 4.87
0.64 3.25 9.42
3.73 1.57 3.99
8.60 5.40 7.87
7.27 1.51 8.73
2.88 3.19 7.48
10.00 1.91 2.27
0.35 7.72 6.70
1.99 5.05 5.97
10.00 5.61 1.08
4.45 5.06 4.10
4.75 5.80 3.79
7.30 0.29 7.12
7.24 8.54 7.79
7.09 4.11 3.92
3.61 9.92 9.75
5.22 10.00 0.99
6.98 3.96 3.54
10.00 3.79 6.75
7.38 3.35 3.24
9.53 7.32 8.86
9.88 2.72 6.19
5.88 2.35 1.76
0.98 1.07 0.73
0.44 5.34 1.35
4.87 3.74 10.00
3.41 1.07 10.00
7.66 9.38 6.27
1.45 4.91 3.86
9.63 4.94 7.27
4.13 5.33 9.13
1.87 10.00 3.08
0.05 7.96 9.88
3.96 6.39 10.00
5.70 2.48 9.05
3.42 5.77 1.36
6.65 10.00 8.02
8.67 10.00 3.58
6.91 5.39 1.61
0.89 3.87 8.75
1.41 0.16 7.46
6.33 1.42 8.85
1.34 4.10 3.95
6.10 8.79 5.85
10.00 6.45 2.61
4.38 0.96 4.09
4.01 0.28 2.12
5.95 0.59 2.05
0.69 0.51 10.00
0.44 2.48 10.00
6.58 6.42 2.38
2.26 1.44 8.25
5.57 4.37 2.56
1.68 8.45 2.61
2.61 6.87 1.03
8.48 2.69 6.04
8.12 0.16 0.22
4.34 1.13 3.19
6.35 3.08 5.21
5.82 7.49 8.41
0.12 4.44 6.00
3.51 1.79 7.01
5.21 8.74 3.56
9.81 6.99 7.60
5.88 0.53 5.51
0.67 10.00 2.86
1.33 6.47 10.00
0.11 4.98 6.91
9.23 10.00 7.39
0.62 8.04 6.40
1.47 2.12 2.50
0.28 10.00 8.27
7.42 7.41 10.00
7.85 2.60 7.26
1.85 10.00 2.84
5.81 4.47 5.09
6.71 3.41 7.52
4.08 0.99 8.54
9.64 9.36 4.35
9.72 10.00 9.37
4.21 6.76 6.00
0.34 7.92 1.58
8.63 9.58 2.43
3.39 5.26 7.33
5.22 10.00 7.02
7.37 5.94 4.90
9.39 10.00 10.00
2.59 4.44 1.91
8.45 10.00 7.32
2.63 2.09 0.78
10.00 9.91 3.24
6.24 8.72 4.71
2.71 7.91 7.39
1.27 7.54 2.72
6.21 3.81 7.73
2.94 2.26 0.99
5.62 7.48 6.25
8.10 9.64 0.25
1.79 4.56 8.08
10.00 9.55 6.35
7.31 4.73 3.57
0.87 3.59 9.52
2.14 6.23 3.43
5.31 0.30 0.37
10.00 1.87 1.78
0.28 1.80 6.83
4.70 7.41 5.00
8.38 4.96 6.34
2.85 8.17 2.47
0.92 2.66 0.00
3.18 2.65 9.48
2.43 10.00 2.76
0.41 8.28 6.63
6.96 8.88 0.12
10.00 3.62 1.30
1.52 0.51 0.25
5.14 7.94 2.07
3.34 2.86 10.00
6.28 9.44 5.70
2.12 6.19 9.43
2.55 4.79 10.00
8.36 4.21 5.95
6.99 7.62 5.30
5.60 9.46 7.79
3.55 10.00 0.38
1.47 10.00 2.23
7.12 1.40 0.39
9.13 5.97 9.63
6.19 2.87 3.36
4.16 5.92 2.96
2.73 10.00 5.45
8.88 9.37 2.79
10.00 4.28 5.65
2.71 1.53 5.40
3.93 3.86 5.49
6.26 2.24 10.00
4.38 9.91 0.87
1.01 1.98 10.00
0.23 1.97 8.65
2.22 0.07 2.61
8.20 7.13 7.31
7.46 1.07 8.61
2.45 5.48 3.86
1.37 9.64 6.21
0.32 1.37 3.46
3.77 7.84 8.25
5.84 7.02 8.06
9.45 7.19 7.58
6.49 1.45 9.75
0.70 10.00 6.32
1.69 9.54 6.48
3.77 4.47 6.24
2.48 4.96 7.27
10.00 2.40 2.62
2.98 6.11 10.00
8.86 3.65 3.67
9.54 3.25 5.37
10.00 5.98 2.68
8.50 8.76 2.52
0.57 10.00 8.30
1.14 4.93 6.56
0.57 10.00 8.50
0.01 8.73 8.40
5.99 7.30 7.52
1.94 3.84 5.29
6.12 4.37 3.34
7.08 10.00 4.94
5.64 7.33 8.73
1.17 7.77 9.44
2.78 10.00 5.61
0.25 9.52 7.32
1.76 4.36 4.09
7.40 6.86 2.45
2.37 1.22 1.82
6.01 4.13 10.00
6.05 9.26 5.00
8.80 10.00 1.96
2.64 2.54 9.94
8.98 9.13 6.60
2.50 7.08 5.33
6.98 3.88 2.41
1.85 1.80 4.02
7.09 8.22 9.28
5.47 4.56 7.11
9.21 3.56 8.94
0.58 3.73 3.91
0.34 3.01 4.01
0.12 7.28 0.94
7.05 2.29 7.45
8.65 9.06 8.84
9.79 2.94 4.66
9.69 9.75 8.54
5.61 0.62 4.69
0.04 4.15 3.64
8.04 10.00 9.49
2.64 5.08 4.47
4.93 10.00 0.77
6.53 9.87 5.03
10.00 0.39 8.19
5.78 8.02 0.33
8.39 6.47 7.13
8.23 1.65 10.00
10.00 6.07 5.45
9.22 7.46 3.41
3.57 10.00 1.70
10.00 6.04 2.87
4.74 1.82 8.88
3.14 10.00 2.35
4.19 2.17 6.56
4.37 3.67 4.35
7.38 6.89 9.57
2.22 1.74 0.32
0.85 4.67 5.90
10.00 4.27 2.71
9.16 10.00 3.69
7.43 7.42 7.37
2.91 4.51 7.10
6.16 7.88 9.68
6.09 5.46 10.00
9.24 7.63 10.00
5.53 4.94 3.99
2.60 5.42 1.10
6.98 1.51 8.09
7.07 9.93 0.13
5.33 6.51 8.22
3.14 9.18 4.60
10.00 5.60 4.11
8.17 4.27 7.51
2.29 7.77 10.00
10.00 0.68 0.01
3.99 2.82 5.81
3.50 7.50 8.32
1.64 3.94 3.33
9.00 8.27 1.18
10.00 2.26 4.10
5.37 3.87 0.38
6.13 10.00 7.05
0.19 0.85 0.11
8.56 10.00 10.00
0.68 6.19 8.58
7.38 0.01 6.73
6.38 5.29 4.80
3.34 5.44 3.13
0.53 10.00 10.00
7.17 6.14 2.96
10.00 1.93 4.74
1.56 2.67 9.22
5.08 7.41 3.12
2.47 4.43 9.53
7.04 6.68 5.41
9.96 10.00 6.07
3.76 5.60 6.15
10.00 3.29 2.49
5.65 10.00 2.92
8.11 4.46 4.12
8.15 3.78 8.06
7.55 0.06 2.65
7.26 9.41 0.19
7.03 3.20 7.21
2.66 4.96 1.82
9.32 10.00 8.78
2.97 2.27 3.28
10.00 2.23 3.09
3.72 8.78 8.31
5.02 1.24 8.34
2.39 9.05 6.55
3.11 1.67 7.91
2.70 1.53 8.53
7.74 10.00 10.00
0.72 1.29 1.67
2.24 9.74 7.92
8.16 7.89 1.43
3.01 3.98 9.28
7.19 10.00 3.26
8.69 4.35 7.06
4.05 3.73 2.90
6.05 9.13 7.90
4.84 7.49 9.57
7.13 8.07 4.74
1.34 5.01 5.47
10.00 6.24 2.84
1.71 6.66 6.74
3.33 5.68 0.91
6.94 2.31 6.30
6.63 3.04 8.41
10.00 1.69 2.27
5.37 2.11 9.44
10.00 6.51 7.26
0.54 0.15 1.86
2.08 3.36 10.00
8.49 4.88 8.38
3.43 3.36 2.72
10.00 10.00 7.88
9.45 7.00 5.30
1.65 4.24 3.60
7.56 3.45 5.11
7.95 3.07 3.31
8.82 8.67 4.48
6.62 7.89 2.42
8.40 1.92 10.00
6.87 3.52 6.12
8.35 0.06 5.90
1.66 0.15 8.01
9.76 2.49 6.43
6.93 8.56 3.57
10.00 10.00 5.20
0.34 10.00 3.54
4.72 0.74 1.57
2.74 6.19 7.48
1.01 4.04 3.83
8.72 6.42 10.00
8.71 0.77 6.58
1.47 4.50 5.14
5.23 0.29 3.60
7.63 7.84 6.04
2.76 4.54 6.47
10.00 9.47 1.05
1.31 1.72 8.52
3.46 3.63 0.51
2.41 9.56 7.44
9.42 0.92 0.51
4.12 6.96 7.67
9.65 2.26 10.00
10.00 3.82 2.78
4.91 5.78 1.83
10.00 1.87 2.57
2.31 2.20 0.41
7.92 9.18 4.48
4.22 5.42 4.93
1.18 1.44 0.35
10.00 3.65 1.12
3.66 7.46 10.00
1.09 6.75 8.34
8.98 8.76 5.80
4.76 10.00 4.73
3.27 9.60 10.00
0.09 8.55 5.56
0.01 9.93 3.93
9.76 3.31 0.33
1.48 6.37 5.46
8.54 7.02 7.90
2.34 2.26 7.75
7.78 5.54 5.33
7.72 2.87 3.08
0.90 3.37 3.86
5.88 5.26 6.62
2.64 2.65 10.00
5.84 3.36 9.14
5.28 7.30 8.49
4.17 2.92 9.36
7.56 5.90 5.54
8.74 5.99 7.21
1.79 8.55 8.12
0.30 10.00 10.00
7.29 9.76 10.00
4.28 2.18 7.01
10.00 10.00 2.62
9.74 7.66 1.65
2.82 6.53 9.39
2.16 2.39 3.63
5.07 8.39 10.00
2.95 3.14 1.52
7.13 1.31 1.31
5.96 7.89 4.11
6.97 2.69 8.64
3.33 4.95 4.31
2.13 10.00 0.17
0.86 8.64 8.63
6.60 4.13 7.42
9.57 6.75 10.00
9.65 7.71 6.78
6.81 7.53 7.44
9.09 4.01 3.01
8.87 10.00 4.59
7.66 3.17 10.00
2.23 10.00 8.25
1.62 4.89 4.64
10.00 0.67 1.63
1.79 8.69 6.27
7.43 7.51 8.19
4.91 10.00 4.78
7.01 6.15 8.05
7.17 5.84 5.10
2.62 9.53 10.00
4.32 6.49 1.72
0.86 8.30 5.67
9.08 7.35 10.00
8.23 0.70 10.00
4.62 3.21 2.68
8.75 5.91 7.50
4.49 1.63 8.31
7.85 9.56 9.60
0.33 1.51 4.72
3.97 8.87 5.23
2.41 10.00 3.91
4.55 8.41 2.29
2.05 1.85 10.00
10.00 6.89 8.13
10.00 2.91 10.00
2.90 0.46 3.91
7.32 7.17 7.35
10.00 1.60 4.85
7.85 2.13 6.28
0.39 10.00 8.90
5.70 0.19 1.35
4.75 10.00 6.83
9.01 1.53 4.25
4.52 1.12 3.17
8.36 0.04 3.81
7.17 5.21 0.24
6.39 8.07 6.17
2.65 2.20 8.12
7.57 7.63 6.63
2.54 2.52 0.76
2.55 7.80 4.07
0.72 2.46 5.50
5.42 6.96 1.31
1.76 4.37 3.01
5.56 3.25 10.00
3.43 1.56 1.01
3.24 10.00 9.49
5.83 2.66 6.19
2.62 6.63 1.80
9.35 7.50 0.37
7.14 6.10 5.92
1.17 0.50 2.99
3.03 10.00 10.00
8.81 2.23 2.53
1.02 3.58 5.38
1.18 4.62 9.85
10.00 0.89 1.78
2.49 6.69 1.22
1.57 1.00 1.01
2.74 5.52 1.76
2.86 7.48 0.15
10.00 7.53 5.28
8.25 6.24 8.91
1.19 6.31 3.91
4.42 7.88 5.39
10.00 3.62 8.91
1.77 10.00 9.34
8.98 6.38 4.65
4.41 8.63 7.87
4.49 1.29 7.76
2.36 6.73 5.25
9.41 0.39 0.66
6.36 8.34 9.53
3.94 1.86 0.62
10.00 10.00 4.88
6.97 10.00 5.34
9.29 10.00 1.37
2.57 8.65 0.07
6.79 9.87 10.00
2.10 8.02 3.56
1.40 10.00 2.68
6.31 2.67 3.28
5.12 4.60 0.77
10.00 4.37 6.18
8.30 1.91 1.41
5.67 2.63 8.61
7.42 0.41 5.32
10.00 4.84 8.93
1.42 2.22 3.44
2.31 6.33 7.78
5.08 10.00 5.48
5.07 7.79 4.45
4.25 6.31 2.94
0.80 9.36 5.86
10.00 7.69 2.29
9.62 5.20 4.23
7.99 8.45 9.48
0.01 0.27 7.07
7.61 6.20 0.29
9.60 1.94 8.11
1.39 10.00 4.76
5.85 8.75 1.07
9.15 1.57 6.69
6.13 0.07 2.97
3.95 1.49 2.76
0.73 0.10 4.74
2.83 10.00 4.43
3.26 8.39 1.71
8.51 6.42 3.11
6.53 0.39 6.61
10.00 0.80 6.06
7.38 10.00 5.39
8.48 10.00 5.00
7.93 4.81 8.56
0.05 2.84 6.09
1.93 0.25 10.00
10.00 0.98 6.94
3.00 3.33 6.39
7.16 10.00 0.62
4.95 10.00 4.10
2.83 0.95 0.46
0.55 0.25 3.30
3.95 1.07 2.84
7.06 0.80 5.05
9.89 4.60 4.75
9.25 2.39 9.19
5.52 10.00 2.01
1.74 3.90 0.00
4.46 5.34 3.84
7.31 3.35 7.78
5.84 8.53 1.59
4.52 8.47 1.00
2.12 7.11 1.11
3.86 9.21 10.00
10.00 7.08 0.56
1.03 1.53 5.25
5.69 7.22 2.08
6.10 9.62 1.35
3.48 6.50 2.89
2.33 10.00 8.10
0.14 4.99 3.18
10.00 6.71 5.68
9.08 5.61 2.43
7.16 3.54 0.94
1.23 3.53 0.38
8.77 2.63 2.05
1.38 4.54 0.17
9.46 1.49 10.00
10.00 9.78 3.01
7.49 5.02 8.11
9.01 10.00 6.66
1.60 4.38 0.97
5.56 9.22 3.82
1.78 6.13 4.21
7.66 5.84 1.61
10.00 3.93 2.90
2.35 4.85 2.27
4.31 5.21 2.88
0.22 5.57 10.00
10.00 4.78 8.86
2.02 10.00 2.37
1.41 1.64 1.07
10.00 4.49 2.77
2.65 2.87 6.63
8.94 4.90 1.14
1.52 2.29 3.27
6.17 7.92 10.00
0.79 0.12 7.03
2.25 7.01 6.98
1.50 0.68 2.73
6.32 9.17 4.70
7.03 8.55 1.63
2.14 5.41 8.64
6.41 7.02 7.20
10.00 1.13 3.98
5.26 9.29 0.22
6.26 6.54 6.30
7.66 9.28 8.46
3.24 9.56 4.61
4.49 10.00 9.70
9.54 6.23 5.29
9.24 1.39 9.14
7.31 4.68 10.00
10.00 3.47 0.94
2.42 2.09 4.21
10.00 2.37 2.39
1.22 2.55 0.74
8.02 0.49 4.93
1.72 2.95 9.89
6.81 5.54 8.52
1.54 1.78 3.16
6.10 10.00 5.06
0.38 3.43 10.00
2.24 5.75 2.19
8.37 5.67 3.88
3.43 8.85 10.00
4.64 4.91 4.23
5.85 5.51 0.31
7.70 0.43 3.21
4.56 10.00 4.19
5.46 3.37 5.93
8.87 1.84 10.00
2.34 3.03 0.24
0.74 4.76 4.91
0.89 1.94 10.00
4.02 3.49 3.16
10.00 10.00 4.32
6.94 8.69 4.74
6.80 10.00 5.55
0.61 1.34 8.85
3.61 8.70 2.77
0.07 10.00 10.00
10.00 0.87 7.92
0.06 6.14 8.78
2.29 2.28 5.91
3.90 5.38 5.17
0.24 8.55 3.77
9.32 3.51 5.44
7.24 3.67 1.78
6.65 6.91 0.73
8.76 6.93 10.00
7.03 7.14 0.94
10.00 0.94 2.22
0.63 2.03 4.45
1.49 5.13 0.04
3.35 1.29 5.29
2.49 5.01 5.05
1.39 6.34 3.54
2.60 7.58 9.45
7.18 1.43 4.71
2.94 3.57 1.50
9.94 10.00 8.91
5.90 4.34 5.27
