994
6.66 2.49 0.58
3.16 2.80 1.03
10.00 8.56 3.48
8.31 3.58 10.00
9.34 9.50 6.33
0.39 8.78 7.86
7.10 0.05 2.51
10.00 0.59 1.44
3.78 5.58 5.07
4.35 4.66 10.00
8.25 8.60 6.61
3.00 4.70 9.12
5.10 1.79 1.02
7.13 9.49 5.13
1.08 2.04 3.07
5.28 2.06 9.85
3.08 4.72 2.13
6.73 5.05 0.27
7.98 2.03 5.04
7.73 7.89 5.89
2.68 2.74 2.70
2.49 2.51 1.29
7.07 6.82 9.55
5.00 0.99 7.14
4.42 4.96 5.27
8.31 5.94 6.36
3.01 1.64 6.97
1.11 0.86 6.31
9.30 0.96 7.61
0.30 6.87 5.31
8.22 0.84 8.88
8.83 7.66 3.63
10.00 3.25 10.00
7.56 1.44 10.00
10.00 4.66 4.55
2.55 2.47 4.61
0.08 10.00 1.56
5.65 4.94 0.01
7.58 2.07 8.84
6.77 10.00 3.44
10.00 0.90 7.11
1.58 8.38 3.30
4.78 7.64 5.89
6.39 9.54 6.03
10.00 0.35 4.87
0.30 10.00 3.27
6.67 2.26 10.00
7.97 1.15 9.15
6.37 5.72 1.29
7.82 4.94 6.20
10.00 8.07 1.97
2.13 2.24 8.42
9.01 2.42 2.94
3.67 3.61 9.76
9.87 8.06 0.24
5.63 0.95 9.46
4.11 4.70 3.28
8.31 3.43 9.54
3.88 8.22 7.94
1.35 10.00 3.86
0.00 9.52 4.95
0.67 6.09 7.19
10.00 8.63 8.34
7.01 2.22 8.38
5.93 1.71 6.31
2.58 6.50 7.49
8.10 10.00 10.00
10.00 0.53 7.28
7.83 1.35 10.00
1.02 4.59 10.00
2.97 9.55 1.44
8.59 7.24 3.01
2.14 5.51 7.93
5.64 7.20 8.48
9.50 1.20 2.64
7.86 9.03 8.76
8.52 4.87 2.86
2.91 5.88 4.78
8.56 8.80 10.00
9.29 4.53 5.58
3.67 10.00 8.03
10.00 8.16 4.18
10.00 0.82 10.00
9.34 10.00 1.88
9.87 6.93 6.98
1.20 6.80 6.43
0.07 4.77 9.68
3.25 6.79 2.97
6.10 10.00 8.77
6.92 2.17 3.88
0.01 4.79 5.30
0.74 5.18 4.02
9.62 0.06 10.00
10.00 8.57 8.92
0.32 1.53 5.15
2.33 4.38 3.05
10.00 0.16 1.32
1.78 7.61 10.00
2.90 9.12 9.18
8.74 4.54 2.10
3.01 3.31 5.50
3.81 0.42 7.33
1.72 10.00 3.42
6.43 6.26 2.97
7.67 3.05 6.63
1.05 5.73 9.92
6.78 5.41 2.81
1.67 7.03 8.33
7.51 6.65 5.95
8.98 4.54 10.00
1.68 5.34 2.85
9.93 3.92 8.05
0.75 8.89 4.01
0.00 4.72 6.36
4.91 8.06 7.23
5.96 9.18 3.63
1.02 3.18 4.40
8.96 6.05 7.06
10.00 3.03 8.87
9.86 3.96 8.07
1.14 0.12 0.67
6.30 1.03 1.96
1.23 1.75 3.28
6.27 7.17 9.50
9.15 6.30 1.01
0.99 6.93 4.85
0.75 7.35 9.39
0.17 5.09 3.98
10.00 8.11 9.85
9.02 6.44 10.00
5.82 10.00 7.25
4.79 2.79 9.01
9.15 6.34 7.12
9.57 9.32 9.06
10.00 7.40 0.09
0.44 5.86 8.03
10.00 1.28 0.90
7.69 9.70 7.47
0.43 10.00 1.01
10.00 10.00 6.46
1.17 9.35 8.37
5.20 9.01 9.75
2.71 7.91 9.45
7.55 0.80 0.53
3.38 0.56 1.88
9.38 5.14 2.03
9.48 9.71 6.21
1.14 3.14 8.06
9.20 2.25 1.95
4.18 3.64 0.27
1.25 9.57 5.73
0.72 2.19 2.34
10.00 7.63 5.84
0.76 9.64 3.69
1.02 10.00 2.32
0.33 7.83 5.49
4.67 2.84 10.00
0.12 7.54 4.84
1.82 7.54 7.86
10.00 3.68 1.52
7.45 9.65 4.99
10.00 1.65 10.00
4.44 6.61 3.91
6.59 3.87 2.93
7.48 6.07 5.77
1.53 4.96 5.40
0.19 9.41 9.47
10.00 4.36 5.02
0.06 7.04 10.00
4.38 2.18 4.56
4.17 1.76 2.53
10.00 8.71 7.83
9.57 7.98 1.68
3.48 4.25 5.65
6.14 0.44 7.70
0.11 7.87 9.08
2.66 10.00 2.11
9.08 2.25 3.81
8.57 0.34 9.52
2.82 9.20 10.00
3.69 8.27 8.97
7.74 0.84 10.00
9.75 0.34 3.60
1.81 2.83 6.51
7.19 0.85 3.84
8.18 10.00 5.09
2.21 6.47 1.96
1.12 4.76 2.06
6.18 0.80 9.21
6.98 9.52 7.41
6.62 7.20 6.13
0.52 2.13 3.47
6.36 0.86 2.63
3.41 2.52 6.97
1.40 0.98 0.32
8.11 4.24 0.34
6.60 10.00 0.14
0.33 9.20 1.04
2.75 1.97 10.00
7.09 6.51 0.26
6.82 10.00 2.94
7.32 4.63 6.24
9.93 5.88 7.56
7.71 1.46 6.67
2.52 1.66 9.19
3.60 5.50 4.41
1.02 1.48 2.33
5.23 0.72 7.90
0.68 6.87 1.84
6.65 10.00 6.74
2.58 8.41 9.73
5.43 9.48 0.11
1.06 5.65 9.81
1.60 8.10 1.44
1.06 9.21 9.99
0.33 0.81 10.00
7.61 9.28 0.57
4.45 5.53 1.37
2.50 3.98 2.82
6.32 2.80 4.11
7.26 7.92 10.00
5.68 10.00 4.62
10.00 1.03 9.64
4.89 4.41 7.96
10.00 4.04 7.23
6.22 3.73 3.19
7.57 2.67 5.77
4.75 3.65 2.87
5.42 0.83 2.82
1.69 8.23 9.14
1.81 6.16 6.59
4.00 1.82 2.02
0.50 6.03 6.94
1.07 7.11 9.71
6.69 5.25 8.90
3.44 0.63 5.55
0.40 1.90 2.04
10.00 6.37 2.15
8.80 10.00 5.15
6.77 9.51 6.46
10.00 9.90 5.00
2.14 7.17 4.40
0.74 5.36 6.07
9.64 10.00 6.18
6.98 7.51 6.63
2.29 2.31 1.92
9.43 3.22 8.69
9.20 6.21 6.59
4.66 10.00 2.35
3.86 6.89 7.71
7.74 1.30 0.81
5.62 3.22 5.35
1.88 4.98 1.45
7.90 0.64 0.76
10.00 10.00 8.92
9.76 1.03 9.81
4.69 3.76 8.48
3.90 3.56 9.77
5.95 9.38 7.01
0.09 2.76 1.06
10.00 9.40 4.60
6.39 9.23 10.00
3.93 2.60 7.93
3.27 8.25 8.74
0.94 1.07 2.06
6.75 7.77 5.18
7.60 1.50 7.93
1.06 8.79 9.96
0.94 4.43 3.59
3.71 9.36 4.47
1.42 0.53 9.64
8.94 4.57 7.77
3.19 6.46 10.00
6.61 1.60 9.30
0.62 2.87 9.58
3.78 5.92 5.97
4.54 6.87 3.45
6.99 3.70 1.24
8.94 7.63 9.01
7.52 4.93 10.00
3.06 3.75 1.97
1.77 7.94 10.00
6.07 2.19 4.78
10.00 9.42 7.16
5.67 2.73 2.25
3.11 4.24 9.32
9.75 10.00 5.07
8.79 0.15 5.38
4.79 3.70 7.48
8.34 6.30 4.19
8.95 6.95 3.85
5.33 6.02 3.90
5.87 10.00 9.57
7.54 8.87 8.18
8.28 3.85 10.00
6.92 7.90 9.68
3.41 10.00 3.67
8.94 9.09 3.44
2.93 5.25 4.49
3.48 8.37 0.87
6.81 6.05 0.60
8.89 4.81 4.74
9.92 0.18 9.98
9.26 9.26 2.35
4.21 0.12 10.00
10.00 4.33 5.93
7.23 3.09 5.50
0.00 1.55 0.24
3.99 9.26 4.98
1.67 9.93 8.64
7.27 0.38 9.38
6.66 0.82 8.11
3.32 0.38 8.21
10.00 10.00 5.74
7.81 6.60 6.36
10.00 0.70 0.58
3.15 2.51 2.21
1.14 1.15 7.02
10.00 3.37 2.64
10.00 5.39 1.27
7.39 9.34 1.85
4.08 9.78 6.57
7.71 0.59 10.00
10.00 6.95 9.47
4.76 9.48 0.15
1.75 4.16 10.00
4.03 0.04 0.10
9.07 8.20 4.83
9.26 5.92 5.87
2.23 8.76 0.13
6.11 2.09 5.74
7.69 8.52 2.99
5.66 10.00 9.08
3.66 3.16 5.96
8.79 10.00 8.83
2.21 1.58 3.06
2.45 9.93 9.56
0.07 3.02 7.66
1.51 7.67 4.41
6.56 9.35 3.30
6.29 4.36 0.09
1.19 9.68 2.09
8.82 3.05 3.72
5.08 6.86 1.14
3.52 9.08 2.19
9.67 0.93 3.59
9.74 0.45 5.22
5.46 3.88 9.12
5.10 6.37 9.46
3.20 3.01 2.96
9.79 8.19 3.26
10.00 7.01 0.54
0.47 8.45 1.41
4.32 9.45 5.52
9.90 4.48 0.95
1.56 5.95 5.81
2.14 10.00 6.31
9.63 9.52 3.12
4.27 1.40 2.91
4.48 3.31 7.42
3.46 5.59 6.56
2.99 7.21 0.85
10.00 6.97 7.38
1.87 2.84 0.61
8.90 9.74 7.16
9.08 3.94 10.00
4.81 2.64 10.00
7.35 4.05 7.65
5.96 2.06 2.32
6.32 6.16 9.92
5.00 10.00 3.32
6.85 9.05 6.95
4.47 8.99 7.08
4.30 1.33 8.87
6.13 0.03 10.00
4.73 4.62 2.54
8.87 8.14 4.67
6.46 3.44 5.61
6.82 2.50 10.00
4.65 0.21 3.67
3.44 10.00 5.41
3.41 7.84 10.00
7.36 10.00 4.56
7.22 8.52 2.89
7.30 7.51 0.52
10.00 4.12 8.22
9.35 4.13 0.54
4.99 4.41 9.65
9.93 3.70 6.10
9.60 4.75 0.06
6.24 8.11 0.86
9.06 0.45 1.33
1.40 3.01 3.63
10.00 0.72 8.37
1.88 9.39 9.58
4.60 6.64 7.43
7.04 1.45 5.46
1.35 5.39 9.06
9.81 9.18 6.41
6.64 3.33 0.13
8.82 10.00 4.92
1.08 6.08 9.55
10.00 6.25 5.01
2.11 8.11 9.10
4.39 5.94 2.47
2.99 9.65 7.98
7.59 7.88 9.38
5.78 8.35 0.44
0.48 10.00 6.87
0.09 5.78 2.02
8.66 10.00 4.60
6.52 8.99 3.61
6.18 5.57 2.39
7.23 7.27 5.31
3.58 8.85 0.59
2.87 2.96 8.63
9.81 5.56 9.24
4.12 3.74 0.12
10.00 2.51 8.38
3.44 5.84 3.42
3.22 6.14 1.17
6.50 7.89 7.77
4.43 1.42 6.83
4.75 4.55 5.69
0.26 0.41 8.55
7.09 7.86 9.49
8.61 4.66 2.89
5.01 6.96 3.05
2.67 7.26 9.81
7.41 9.63 3.20
0.55 9.60 4.56
2.52 5.28 2.34
5.84 8.09 0.85
1.89 1.00 8.58
0.69 7.15 10.00
6.38 2.28 6.96
2.88 8.28 2.95
7.36 7.64 5.26
9.47 3.13 6.66
2.03 2.67 2.24
0.97 1.99 7.62
10.00 9.95 6.14
2.48 8.45 5.59
2.80 2.39 3.54
1.51 5.98 9.38
3.58 0.84 4.02
5.54 8.00 0.23
4.67 8.62 1.92
8.23 5.53 5.05
9.71 0.30 8.79
8.11 6.00 6.40
1.92 8.84 10.00
7.52 10.00 8.71
1.10 2.22 0.95
8.86 4.79 10.00
8.90 3.62 8.36
9.07 2.71 4.65
9.08 5.12 1.98
4.55 3.96 9.05
6.53 4.43 9.49
4.64 8.72 0.04
7.86 1.77 2.30
4.61 1.75 1.13
6.33 1.38 3.56
6.71 3.05 10.00
2.84 3.10 10.00
1.03 7.38 6.38
9.74 7.67 3.63
2.11 10.00 2.13
3.77 5.94 0.02
0.20 10.00 9.75
3.48 4.64 9.45
1.93 10.00 0.69
5.07 4.44 8.09
9.80 8.16 3.40
0.58 9.61 0.17
4.45 9.20 7.06
0.37 4.48 3.59
1.13 8.21 5.34
2.30 3.06 0.00
8.18 4.85 4.68
7.84 4.42 8.97
9.55 3.80 4.54
2.02 1.71 0.55
9.38 2.32 7.83
7.47 7.83 9.01
2.82 0.35 3.82
3.73 2.09 0.46
8.60 3.74 0.34
9.15 2.24 10.00
10.00 0.14 0.91
9.28 10.00 4.81
3.87 0.45 8.12
7.19 0.64 7.52
6.47 4.92 8.21
3.42 10.00 0.92
8.44 6.49 5.31
10.00 10.00 0.29
6.28 0.79 6.07
1.21 9.19 2.99
9.06 8.85 6.72
3.38 7.57 3.52
6.13 4.69 9.98
5.13 0.99 3.40
1.77 1.33 1.57
8.76 0.06 7.57
10.00 7.82 5.53
5.44 3.79 9.08
0.26 9.73 6.51
2.45 9.16 10.00
9.72 9.35 1.79
1.03 8.51 1.48
9.60 10.00 0.80
9.96 2.27 8.91
6.23 0.01 5.45
10.00 5.26 9.89
4.57 10.00 10.00
8.40 4.14 10.00
4.87 4.24 2.56
8.77 6.01 2.83
2.67 1.69 1.68
3.78 3.62 8.66
0.22 4.35 6.05
2.77 8.47 0.63
0.80 9.02 2.32
8.05 7.26 5.18
0.38 5.83 1.89
7.20 0.98 1.42
2.50 8.82 8.04
4.40 4.03 2.02
4.37 0.97 0.55
10.00 7.54 5.80
4.95 4.40 10.00
3.50 4.17 9.27
6.34 4.30 9.75
3.78 6.99 0.65
10.00 0.36 10.00
5.42 3.83 6.53
6.24 5.02 1.74
8.33 2.18 6.00
6.25 6.83 2.57
6.51 5.39 2.01
4.54 7.54 2.51
0.05 10.00 6.74
1.38 10.00 7.49
0.19 10.00 9.87
1.24 5.82 3.03
5.78 6.56 1.09
4.58 7.77 8.26
0.22 8.93 0.26
1.08 3.75 4.32
9.07 9.24 4.15
8.54 6.70 0.18
5.30 2.98 1.93
10.00 0.67 7.09
1.35 1.24 4.54
1.14 4.81 1.63
8.10 3.39 8.12
0.50 3.72 7.19
4.38 10.00 1.52
0.96 1.06 4.66
9.10 5.89 5.65
8.85 6.27 10.00
4.57 7.44 0.80
4.83 7.51 3.97
9.00 5.11 6.69
1.96 1.30 9.05
0.40 1.17 5.92
3.75 2.78 6.96
7.77 1.68 1.05
3.33 5.24 5.92
7.77 10.00 2.77
6.16 10.00 5.31
2.17 5.58 2.71
3.82 0.00 10.00
5.02 5.45 8.91
6.04 7.59 1.76
1.34 3.00 1.91
3.60 8.15 6.14
9.13 7.20 3.20
10.00 9.52 10.00
3.13 0.29 3.17
3.92 5.28 6.09
8.75 2.14 6.40
1.49 2.83 7.45
8.81 8.02 5.06
1.22 2.83 6.15
4.82 3.21 8.39
1.56 4.90 4.75
6.25 3.40 5.68
5.96 7.96 0.31
3.06 5.97 2.59
2.68 4.17 6.54
2.81 3.80 1.61
7.49 10.00 4.17
8.01 5.47 9.54
1.82 4.66 0.44
8.39 2.48 8.67
9.96 4.05 4.16
6.05 5.39 10.00
1.19 6.90 5.41
2.23 8.84 7.16
5.28 6.28 6.10
6.85 3.28 4.85
6.76 10.00 4.46
6.02 4.39 3.84
9.09 7.45 2.70
3.91 10.00 7.17
6.72 7.53 8.57
0.88 8.78 3.32
2.62 3.47 8.68
10.00 2.26 3.66
7.79 0.00 4.22
9.28 10.00 0.71
4.91 5.60 8.30
0.19 9.51 4.72
0.17 10.00 10.00
0.12 3.57 0.30
9.16 1.90 7.89
8.38 2.92 10.00
6.76 5.06 8.24
3.55 5.95 4.00
10.00 3.45 0.90
0.53 0.25 5.18
6.64 4.77 6.36
9.77 1.04 2.97
2.35 1.70 2.28
10.00 10.00 10.00
4.76 6.25 10.00
2.35 2.95 10.00
5.19 5.58 4.01
1.54 8.65 8.76
4.69 4.00 6.21
6.11 6.34 3.79
8.20 5.22 10.00
2.47 9.38 1.12
7.81 7.99 0.52
6.27 7.20 3.39
2.65 10.00 3.83
7.43 9.06 9.19
4.61 8.47 5.89
10.00 2.82 4.97
8.04 5.22 9.83
5.17 7.24 6.38
8.42 0.52 5.94
0.47 9.46 5.81
5.69 2.34 2.53
2.27 9.90 8.15
9.26 4.22 1.75
2.83 5.81 8.01
0.95 8.51 6.50
6.53 1.31 9.75
0.53 2.96 9.06
1.04 9.72 5.70
4.33 8.85 1.84
5.27 5.79 7.48
10.00 0.09 9.77
8.65 7.35 7.95
2.06 1.16 0.56
0.11 10.00 6.93
7.34 9.34 8.81
1.15 7.99 0.70
1.37 8.41 9.87
5.74 8.85 6.22
9.01 4.01 1.40
2.53 6.56 3.55
3.20 5.03 8.94
1.30 8.65 10.00
1.48 9.74 3.77
0.34 9.81 2.03
7.28 1.36 0.39
8.30 5.27 9.20
6.40 10.00 3.07
7.95 10.00 10.00
8.39 4.35 1.92
7.54 8.94 3.88
3.53 2.88 5.75
6.83 2.98 5.77
6.03 8.48 5.02
8.48 9.34 0.94
7.38 0.75 6.17
1.84 7.83 9.36
3.45 9.66 6.70
6.60 4.97 1.57
8.31 6.39 5.31
2.30 8.89 1.22
2.48 1.63 1.20
5.86 2.14 7.48
4.35 3.59 6.89
8.35 4.98 6.34
7.50 3.75 0.76
4.14 10.00 6.78
5.82 8.67 10.00
1.40 7.61 8.92
9.70 2.05 10.00
9.31 7.07 6.35
8.52 10.00 2.73
4.56 2.69 9.44
3.49 7.40 10.00
6.28 4.55 10.00
0.24 2.42 6.19
1.27 5.79 1.75
1.82 4.36 0.36
5.33 0.26 6.09
8.94 0.44 5.66
10.00 5.58 6.11
8.41 0.25 7.92
4.58 10.00 1.63
1.71 9.49 10.00
10.00 7.66 8.68
8.68 5.45 5.33
2.75 5.97 3.92
3.52 7.87 7.56
8.11 0.41 3.87
6.49 6.77 3.84
2.43 10.00 9.33
3.63 3.48 5.18
6.54 6.86 3.07
0.60 6.74 9.07
1.92 7.74 9.53
0.57 5.25 2.60
1.94 6.52 7.37
8.39 7.55 6.27
7.49 3.78 9.76
1.05 6.79 0.75
2.70 7.98 7.41
1.77 6.90 9.52
6.48 3.70 8.21
3.80 1.79 3.20
5.54 6.09 3.18
2.57 6.69 4.21
8.53 10.00 1.15
1.73 0.79 2.08
2.86 3.64 7.98
7.52 0.14 7.21
5.12 7.15 8.32
6.65 9.97 9.78
8.94 10.00 0.32
10.00 7.13 4.91
5.81 0.06 9.81
9.36 0.42 0.61
9.08 10.00 7.70
7.90 6.99 4.91
9.52 5.94 6.34
5.41 3.38 0.11
5.54 7.81 4.82
2.28 10.00 2.76
7.98 8.89 3.19
6.74 7.78 3.75
5.52 5.38 5.88
6.37 8.03 0.62
2.00 10.00 4.97
4.71 8.88 0.31
0.81 8.80 4.94
0.23 10.00 3.82
3.65 6.85 8.69
9.68 3.79 1.36
3.15 1.63 3.03
7.60 0.53 7.26
1.57 3.04 10.00
9.78 5.99 8.22
8.09 1.77 6.26
7.93 3.23 0.84
2.05 7.18 3.33
2.14 2.83 9.01
2.60 2.79 9.85
3.66 0.00 3.73
3.14 7.15 6.26
7.05 4.62 1.26
4.72 3.78 0.56
7.97 9.21 2.30
6.45 3.28 3.39
4.06 9.40 7.23
8.02 5.72 2.50
0.59 10.00 8.68
8.85 6.43 2.89
9.73 0.77 10.00
5.04 3.34 7.51
6.49 3.23 10.00
0.70 7.83 7.44
3.96 3.82 2.39
4.20 5.83 2.03
2.35 2.76 10.00
2.17 4.16 9.93
10.00 10.00 3.62
6.06 10.00 9.05
1.31 0.35 8.63
8.53 9.51 7.90
6.84 7.55 8.57
2.84 0.04 2.88
7.34 7.71 4.54
8.09 6.43 4.35
3.41 8.37 6.87
9.88 3.44 7.69
6.96 0.03 9.95
3.11 0.12 5.33
10.00 0.72 2.24
3.55 9.05 3.77
1.54 7.89 8.96
0.58 9.43 3.80
4.47 7.61 10.00
1.71 6.17 5.35
5.45 9.17 7.60
10.00 10.00 0.97
4.42 3.56 3.07
6.25 8.37 9.60
5.38 1.75 2.23
5.78 1.19 10.00
4.76 6.64 8.05
0.51 9.03 5.28
2.91 1.91 6.76
5.11 4.46 10.00
2.27 2.63 9.94
6.04 4.19 6.90
2.01 7.05 6.74
9.80 7.01 5.75
10.00 4.37 6.15
2.26 0.72 7.41
5.00 3.78 2.68
8.55 1.13 4.77
6.08 6.68 10.00
10.00 9.85 2.64
1.68 4.64 9.78
8.70 6.87 4.62
6.93 0.37 4.23
1.53 7.25 8.35
3.30 4.96 8.70
6.32 8.13 10.00
3.90 1.15 7.33
9.10 3.34 0.81
0.76 7.71 1.31
10.00 6.19 6.56
0.59 5.68 5.46
6.64 6.89 9.44
10.00 4.59 4.82
9.98 5.91 2.40
6.02 7.75 10.00
10.00 5.51 3.14
4.27 8.91 7.71
5.26 9.36 8.09
8.15 6.10 7.24
6.47 0.99 5.62
8.82 2.81 5.31
8.11 1.62 3.05
6.26 1.19 9.32
8.54 10.00 3.55
1.43 2.26 10.00
0.33 9.00 7.12
1.06 9.99 4.42
6.76 9.42 0.30
0.47 4.25 5.16
8.91 4.70 2.06
7.91 4.72 8.12
8.86 2.65 10.00
2.88 6.49 5.22
8.68 2.75 10.00
6.07 3.42 10.00
1.85 1.85 0.96
4.53 1.86 1.93
2.80 7.92 8.79
10.00 1.45 5.07
9.12 7.52 5.50
6.69 8.17 9.16
1.52 5.95 7.08
7.61 7.41 5.71
2.55 6.16 2.24
10.00 1.94 6.86
10.00 9.71 4.55
10.00 3.54 7.47
8.52 2.47 0.80
2.97 0.72 8.61
0.20 6.69 5.55
5.08 1.06 3.49
4.83 10.00 3.34
2.94 7.95 9.21
5.89 0.02 3.01
8.10 0.81 9.39
7.01 1.46 9.47
1.86 5.74 4.09
6.84 3.28 5.11
8.82 4.46 3.50
10.00 5.86 4.40
4.32 7.22 0.31
3.77 3.21 2.09
0.36 7.76 9.61
9.85 3.65 1.32
0.96 0.69 5.76
10.00 8.11 9.46
9.39 2.99 6.86
4.65 2.06 8.73
6.82 2.78 10.00
6.49 7.81 8.79
5.23 1.77 1.09
1.45 9.44 1.49
8.88 5.43 2.09
7.27 3.16 0.88
9.59 0.75 5.30
5.29 5.87 0.16
2.37 10.00 8.60
8.17 9.38 10.00
4.00 0.67 8.41
10.00 5.46 2.68
0.40 10.00 9.46
1.27 6.49 1.38
5.81 6.81 8.90
8.32 1.18 0.68
5.30 7.31 3.94
0.57 2.05 0.23
4.26 8.70 8.21
5.58 9.59 6.36
0.26 9.85 8.19
5.06 10.00 8.22
4.86 7.19 4.04
3.39 2.22 8.86
2.77 0.87 8.94
4.49 9.61 7.13
4.50 3.57 10.00
5.32 0.25 6.82
7.87 5.72 4.40
8.69 7.86 1.16
3.14 10.00 2.87
4.80 10.00 10.00
1.26 1.16 6.38
3.58 5.05 5.43
10.00 1.43 0.33
2.28 4.60 0.75
8.93 7.90 7.19
9.04 7.76 10.00
1.20 0.47 8.66
9.03 6.80 0.77
10.00 0.00 3.31
10.00 7.98 7.05
4.89 1.56 4.87
7.82 4.52 6.12
6.61 1.75 9.77
0.82 4.67 7.13
1.73 2.98 4.40
10.00 1.83 9.26
5.46 2.88 4.04
2.83 2.87 3.17
2.22 4.75 4.93
10.00 3.76 4.04
0.35 10.00 9.47
5.09 0.63 8.99
9.15 0.58 4.74
2.48 8.89 6.11
10.00 10.00 6.23
8.52 1.11 9.73
9.46 3.87 2.02
3.89 3.00 6.61
5.66 3.35 4.99
6.96 9.17 8.19
4.01 0.61 10.00
8.78 4.31 6.15
10.00 2.30 1.63
8.83 8.10 0.42
3.66 5.60 10.00
9.36 6.75 5.88
2.14 5.52 3.89
8.91 2.85 4.57
4.16 1.52 10.00
7.22 6.98 7.62
10.00 5.60 4.17
6.99 2.94 6.71
5.58 7.49 0.93
5.12 0.67 8.81
10.00 7.31 9.38
2.73 5.64 8.15
7.05 8.56 5.10
6.75 2.27 3.83
4.44 5.40 7.21
0.82 6.46 6.28
9.32 0.95 3.04
5.34 5.41 6.79
3.48 10.00 4.13
0.62 6.73 6.62
7.09 3.87 8.02
3.64 1.19 0.16
3.82 5.07 1.55
2.97 2.99 4.59
5.93 8.63 6.81
0.44 6.34 0.46
6.66 8.72 8.93
1.47 6.46 2.16
1.18 6.35 9.27
0.03 0.62 5.66
6.50 2.33 7.80
2.32 1.20 10.00
5.53 4.07 8.18
4.92 1.89 0.24
7.48 5.78 5.45
8.52 9.41 9.70
1.11 2.14 7.96
5.42 8.58 10.00
