-1 -1 -1 468 -1 996 -1 -1 768 -1 392 978 258 -1 124 880 -1 -1 -1 996 -1 -1 966 186 470 308 456 -1 -1 558 -1 106 130 982 722 -1 -1 460 -1 -1
-1 -1 -1 -1 18 250 576 -1 424 476 68 458 -1 580 -1 -1 -1 542 -1 -1 446 358 -1 -1 -1 738 -1 -1 98 -1 52 -1 202 88 380 -1 236 626 -1 92
-1 -1 746 -1 332 536 -1 -1 -1 -1 -1 478 404 972 -1 -1 -1 878 -1 398 110 62 260 140 -1 -1 -1 -1 -1 250 608 658 576 846 946 -1 -1 488 -1 648
44 -1 -1 -1 730 -1 94 -1 -1 -1 474 874 132 844 970 -1 -1 -1 -1 -1 -1 -1 -1 -1 978 870 -1 -1 -1 -1 166 -1 834 -1 -1 -1 -1 -1 -1 588
-1 -1 384 72 834 -1 564 340 466 584 -1 610 -1 -1 680 676 -1 -1 -1 364 634 -1 108 788 102 -1 62 202 832 674 222 706 -1 -1 350 764 -1 -1 586 -1
130 26 -1 -1 -1 880 850 -1 -1 -1 276 -1 -1 -1 962 -1 -1 -1 184 146 838 358 38 -1 -1 -1 -1 -1 854 -1 286 -1 584 506 -1 296 -1 -1 684 -1
-1 -1 310 978 -1 196 -1 376 292 894 -1 -1 -1 -1 -1 -1 190 -1 714 476 -1 -1 500 -1 -1 -1 -1 -1 338 -1 246 -1 262 16 448 -1 -1 294 -1 -1
696 710 -1 -1 -1 -1 518 798 284 280 572 766 -1 -1 572 -1 838 -1 -1 -1 116 -1 116 -1 644 -1 90 666 -1 750 -1 -1 -1 -1 -1 146 -1 970 114 -1
-1 670 926 660 -1 304 -1 -1 634 14 788 -1 -1 -1 -1 -1 -1 -1 316 -1 -1 -1 90 238 -1 590 -1 94 338 540 248 208 432 -1 802 966 530 182 -1 -1
-1 704 -1 578 -1 652 -1 22 882 650 784 98 -1 994 -1 -1 -1 -1 126 -1 -1 602 -1 806 936 86 380 948 -1 -1 -1 -1 400 -1 -1 414 584 66 -1 -1
-1 -1 -1 -1 968 278 -1 356 994 -1 -1 -1 -1 18 118 -1 848 -1 -1 -1 -1 -1 -1 814 -1 -1 722 900 -1 576 678 -1 -1 -1 -1 498 -1 -1 556 -1
114 836 -1 324 234 680 -1 608 -1 636 618 708 896 306 742 152 910 518 692 364 -1 696 -1 262 422 -1 -1 -1 -1 208 884 -1 -1 96 -1 930 -1 -1 484 572
-1 -1 438 -1 -1 218 90 112 -1 -1 -1 -1 -1 -1 618 52 602 786 -1 780 818 -1 346 578 -1 972 -1 -1 428 -1 -1 116 260 -1 474 -1 -1 504 836 398
-1 -1 184 966 -1 420 -1 170 952 -1 648 -1 -1 94 778 -1 -1 432 988 670 576 -1 654 -1 -1 88 718 -1 896 710 912 -1 910 508 938 912 720 444 354 436
-1 922 916 994 708 854 -1 10 -1 312 328 -1 972 682 -1 -1 -1 -1 346 -1 654 -1 176 30 28 -1 922 -1 332 826 -1 -1 556 -1 -1 512 720 -1 -1 270
-1 216 46 -1 180 502 -1 786 -1 862 -1 976 -1 -1 894 686 -1 -1 840 106 -1 -1 996 992 -1 -1 -1 238 -1 -1 300 732 482 -1 84 -1 -1 64 128 -1
494 -1 -1 -1 300 -1 858 622 518 668 486 -1 836 -1 -1 -1 -1 142 -1 -1 482 -1 -1 -1 -1 -1 696 922 828 376 310 52 306 -1 -1 -1 -1 750 480 752
892 -1 -1 -1 -1 -1 258 -1 -1 -1 282 154 -1 -1 392 852 426 26 974 898 886 360 428 -1 -1 100 -1 -1 252 -1 432 838 -1 -1 -1 -1 332 -1 -1 388
-1 -1 -1 316 838 854 -1 22 -1 264 -1 -1 74 462 -1 -1 -1 -1 -1 -1 272 348 266 900 34 744 454 682 886 358 600 324 -1 -1 -1 -1 -1 912 -1 -1
-1 968 -1 532 -1 -1 422 190 624 324 568 404 -1 -1 44 -1 -1 -1 864 -1 550 -1 -1 -1 -1 -1 -1 -1 802 -1 -1 772 -1 30 616 666 276 260 486 62
314 228 430 362 -1 -1 884 -1 -1 -1 -1 280 942 552 456 -1 -1 774 622 848 -1 586 892 -1 38 124 944 174 752 426 -1 666 -1 512 712 412 -1 992 -1 652
-1 134 -1 -1 -1 -1 190 716 -1 -1 -1 -1 -1 728 -1 -1 508 -1 -1 -1 -1 676 674 132 -1 -1 350 -1 510 476 -1 -1 930 10 406 -1 -1 -1 596 -1
118 982 -1 166 306 -1 -1 122 -1 124 -1 -1 32 850 -1 752 700 -1 -1 -1 372 648 -1 824 -1 300 178 -1 896 -1 -1 282 428 322 670 -1 620 900 -1 -1
522 -1 348 708 -1 -1 858 -1 -1 914 -1 72 -1 892 806 -1 -1 676 232 -1 -1 -1 -1 -1 336 -1 118 -1 152 814 4 -1 598 -1 784 -1 690 120 500 -1
442 648 -1 754 234 -1 -1 412 -1 358 210 710 -1 -1 -1 918 -1 -1 12 718 -1 -1 506 422 496 -1 836 258 -1 -1 614 978 -1 -1 -1 794 -1 -1 304 48
928 14 -1 -1 -1 632 -1 -1 -1 -1 646 850 -1 302 -1 632 -1 -1 352 540 140 164 -1 -1 410 -1 84 998 586 -1 142 -1 -1 -1 -1 808 580 -1 832 -1
-1 -1 432 306 294 160 -1 -1 732 734 314 964 -1 16 620 -1 708 14 -1 810 540 -1 860 252 -1 830 -1 -1 720 968 -1 -1 94 -1 944 916 324 -1 -1 -1
-1 -1 -1 -1 -1 728 -1 -1 -1 790 740 -1 728 176 168 6 206 372 -1 -1 -1 -1 -1 72 -1 -1 -1 -1 840 -1 226 52 726 -1 -1 448 734 -1 792 -1
-1 528 968 638 748 708 -1 -1 -1 896 948 -1 810 -1 -1 -1 -1 -1 76 -1 -1 880 414 -1 966 -1 -1 -1 390 48 -1 -1 350 -1 -1 -1 838 754 -1 -1
4 286 -1 -1 -1 462 650 -1 -1 -1 642 864 374 -1 -1 -1 180 -1 528 -1 -1 -1 -1 -1 644 -1 -1 -1 -1 676 -1 -1 -1 -1 306 -1 986 -1 -1 328
776 724 -1 298 -1 384 -1 44 664 -1 404 772 -1 -1 798 -1 492 886 340 -1 120 452 -1 814 -1 -1 -1 -1 -1 546 500 388 154 352 -1 -1 -1 -1 450 -1
-1 -1 852 682 -1 -1 -1 -1 -1 -1 -1 268 708 682 -1 -1 708 -1 -1 994 234 -1 -1 808 910 -1 362 -1 464 -1 -1 532 -1 -1 294 692 908 -1 -1 768
-1 -1 -1 -1 -1 584 -1 840 736 -1 160 836 948 606 610 790 202 -1 748 -1 258 -1 994 912 432 922 508 -1 -1 -1 -1 110 718 -1 748 -1 -1 -1 -1 -1
-1 226 -1 -1 -1 316 -1 472 100 -1 100 720 676 -1 -1 -1 318 594 90 -1 -1 -1 964 -1 -1 946 632 -1 714 214 410 -1 914 -1 -1 776 -1 -1 -1 746
-1 -1 240 -1 788 -1 196 322 -1 876 -1 -1 232 -1 364 768 -1 -1 364 286 -1 950 718 -1 980 494 976 -1 -1 -1 476 -1 696 -1 902 -1 200 -1 -1 432
-1 -1 -1 344 812 998 -1 674 938 932 416 -1 414 632 -1 812 478 -1 -1 -1 -1 -1 -1 628 490 492 956 46 -1 -1 638 -1 688 898 -1 970 144 474 -1 74
18 658 -1 -1 -1 -1 620 -1 706 0 580 -1 698 436 630 -1 -1 998 904 788 998 340 366 742 -1 -1 -1 -1 512 -1 928 378 -1 600 -1 -1 414 -1 -1 -1
180 482 -1 -1 616 -1 284 -1 -1 682 656 -1 -1 928 462 -1 -1 -1 450 730 102 -1 -1 -1 -1 442 -1 -1 216 704 194 50 -1 454 -1 474 894 8 -1 -1
748 -1 722 -1 -1 264 -1 -1 -1 748 54 -1 426 970 -1 136 594 -1 -1 -1 -1 -1 356 -1 -1 -1 -1 -1 388 464 580 0 -1 -1 -1 642 708 -1 114 -1
-1 -1 -1 850 -1 630 -1 -1 822 866 -1 356 476 816 -1 -1 10 -1 -1 768 940 -1 154 320 -1 808 42 -1 -1 980 -1 624 -1 420 -1 730 950 840 -1 -1
-1 -1 74 194 -1 328 -1 186 -1 -1 -1 306 792 632 708 78 -1 -1 -1 240 46 412 -1 -1 952 -1 -1 166 -1 -1 -1 -1 -1 -1 628 -1 -1 256 154 -1
-1 -1 -1 242 364 294 486 -1 900 136 -1 632 420 -1 -1 80 180 -1 2 -1 -1 -1 -1 554 -1 804 -1 -1 -1 -1 76 -1 -1 712 -1 980 -1 650 104 -1
-1 166 -1 -1 -1 -1 -1 738 674 428 -1 80 -1 -1 88 -1 -1 -1 12 -1 596 930 984 -1 20 -1 286 310 248 -1 484 -1 -1 322 -1 -1 82 -1 602 414
-1 376 42 680 -1 -1 228 -1 582 -1 96 480 160 736 296 286 550 -1 -1 -1 -1 -1 -1 652 524 1000 -1 -1 -1 928 -1 694 -1 -1 632 -1 372 -1 -1 -1
-1 -1 480 -1 670 554 54 470 266 876 374 -1 -1 -1 8 -1 710 612 -1 350 -1 -1 -1 -1 84 508 184 -1 56 678 -1 -1 -1 -1 480 -1 2 -1 506 -1
-1 660 70 980 328 -1 492 204 -1 404 -1 178 450 -1 664 230 10 -1 -1 440 -1 766 952 -1 -1 -1 -1 718 -1 416 -1 236 810 -1 -1 566 118 186 -1 924
318 20 828 378 476 798 64 34 -1 -1 -1 732 -1 426 298 968 546 330 -1 400 892 -1 -1 916 606 88 -1 928 520 288 160 810 530 -1 -1 346 24 488 -1 -1
866 776 -1 -1 -1 -1 268 -1 578 772 -1 -1 -1 308 -1 272 -1 -1 200 -1 -1 590 208 -1 -1 464 58 378 -1 -1 694 -1 380 -1 -1 -1 -1 -1 -1 956
648 -1 -1 40 -1 980 -1 472 898 -1 -1 556 418 -1 76 -1 -1 -1 836 806 984 558 -1 760 172 20 164 146 -1 -1 982 -1 510 464 106 568 -1 -1 820 260
-1 54 232 -1 -1 -1 626 518 -1 624 -1 12 -1 -1 204 668 -1 760 -1 -1 -1 -1 700 -1 54 -1 -1 448 -1 -1 -1 -1 -1 -1 -1 370 -1 -1 -1 46
