10 15
883 665 708 638 426 394 557 95 222 460 130 987 267 162 971
778 983 119 625 584 911 904 895 924 662 215 443 654 633 409
852 205 764 249 534 190 643 90 976 555 550 797 542 507 959
202 285 941 322 600 215 923 503 800 536 855 14 980 509 647
78 50 543 842 299 76 722 632 166 698 187 406 494 419 913
452 621 888 82 633 487 988 555 681 788 91 225 492 761 424
830 839 474 372 680 463 448 402 95 304 99 282 710 283 391
312 425 702 891 507 335 377 185 580 748 973 361 974 154 121
397 984 960 562 355 330 24 493 422 119 797 211 91 506 494
172 509 919 875 399 115 209 466 300 479 214 963 841 878 117
