89 73
259 342 13 937 379 421 107 177 243 914 443 386 66 162 613 713 541 511 960 119 819 743 349 372 220 222 448 30 650 558 112 599 590 816 225 659 928 332 837 170 246 970 247 2 822 550 715 362 60 675 172 879 107 521 941 327 433 388 47 82 637 160 372 917 666 597 576 593 620 102 454 556 71
701 558 583 250 272 945 0 637 807 569 434 327 510 452 761 588 499 533 915 349 905 832 15 192 97 298 812 199 752 57 961 452 615 543 392 577 177 392 905 985 962 338 1 161 790 452 439 289 986 354 328 580 185 343 462 282 642 964 171 83 20 131 226 325 364 618 903 541 701 497 525 352 525
217 203 315 669 642 294 344 996 622 925 871 656 76 843 988 40 13 761 60 835 987 386 198 295 979 430 996 475 645 37 1000 862 240 4 531 882 989 875 568 301 489 438 647 566 972 634 606 675 84 356 510 71 742 398 366 410 518 51 575 163 779 265 715 18 960 245 590 949 811 157 249 990 286
896 555 948 219 851 622 303 207 822 64 639 911 430 740 428 171 314 281 950 579 997 658 539 932 248 177 742 95 426 422 71 11 977 709 921 518 331 914 725 843 979 53 753 98 793 872 961 107 152 910 376 839 258 605 771 196 782 202 982 898 624 53 599 291 452 519 809 783 123 223 626 101 276
68 890 760 940 850 557 92 450 933 621 708 228 81 904 9 975 885 598 598 628 196 579 80 406 387 553 219 300 178 10 267 938 900 26 877 750 583 659 890 205 280 597 433 361 190 133 335 74 731 624 393 617 202 163 713 280 716 932 270 585 942 537 522 532 563 398 972 836 57 861 41 27 147
164 388 337 297 414 101 718 728 494 25 930 657 738 900 63 360 170 648 992 397 860 523 651 948 494 486 4 354 217 722 501 382 801 528 679 214 630 87 632 123 112 561 471 850 151 534 900 11 872 892 98 731 414 749 678 909 235 373 953 452 785 144 524 585 672 203 489 301 981 120 115 92 372
586 632 213 810 532 224 371 423 322 792 837 762 159 435 997 222 78 138 7 222 353 592 894 246 772 886 226 892 0 318 263 276 950 166 776 481 390 146 594 403 938 121 164 787 246 851 9 324 679 16 546 31 608 130 277 69 706 503 962 706 511 915 672 461 81 447 632 161 283 917 254 911 37
418 697 283 959 706 608 328 722 844 49 20 664 327 89 369 520 50 765 31 656 436 182 427 883 504 588 856 420 533 766 457 641 463 431 600 168 729 618 891 262 667 911 927 684 690 295 204 431 60 926 86 186 798 203 760 992 791 615 412 323 381 559 965 844 680 254 702 408 872 592 671 538 192
597 913 883 582 116 313 332 732 89 519 219 292 969 210 773 583 622 787 654 872 441 187 551 695 890 960 256 171 320 484 364 917 396 937 188 202 940 211 624 28 730 843 10 698 53 783 971 365 569 625 236 9 812 478 394 701 127 340 563 447 825 927 53 220 553 241 113 492 452 737 210 872 580
220 259 323 693 230 688 953 545 615 652 46 783 46 438 910 386 0 356 901 617 409 812 169 340 925 351 483 661 251 354 931 161 304 253 854 224 632 496 769 937 148 815 719 885 252 628 961 943 674 862 559 773 673 418 112 287 459 595 948 710 640 569 871 634 822 415 858 143 911 316 770 749 821
488 633 764 806 594 706 479 145 265 251 508 373 54 795 833 339 742 542 669 310 103 302 823 208 159 656 809 165 426 558 987 914 881 750 410 164 145 579 309 410 831 817 474 575 611 306 914 43 538 583 43 641 885 556 849 735 212 348 900 638 906 576 241 786 325 651 951 471 921 950 571 441 457
44 15 758 40 929 801 579 201 535 910 777 90 449 511 302 797 100 630 392 677 562 177 692 212 818 162 823 458 424 263 915 158 278 672 890 898 163 468 98 698 67 875 788 206 75 781 693 867 410 84 543 662 953 234 565 460 87 387 918 201 651 832 359 929 194 939 516 357 406 615 54 164 179
532 60 946 2 754 812 103 838 44 765 790 969 329 941 746 717 858 947 367 380 997 986 574 935 502 621 31 807 675 886 986 897 946 621 900 699 432 2 227 166 767 707 135 96 647 881 503 505 828 870 885 514 855 148 448 46 769 169 853 133 54 529 29 0 149 619 389 272 311 616 438 78 323
263 865 970 144 367 164 662 927 739 866 471 887 313 518 655 173 60 788 227 589 508 918 429 126 307 391 438 613 519 206 626 783 761 286 927 818 450 278 434 189 143 905 766 146 112 111 319 864 589 237 142 96 154 571 914 151 652 41 455 171 938 80 954 698 366 570 205 507 538 639 386 681 233
151 517 346 262 837 209 542 764 351 638 608 613 241 450 264 973 905 435 910 985 78 297 351 648 502 548 185 140 934 556 374 84 73 410 37 600 309 579 53 350 907 661 963 839 110 918 811 14 42 721 690 121 708 731 459 210 278 645 40 211 891 104 986 964 204 713 253 513 982 306 864 889 968
516 417 768 433 227 473 166 638 162 287 346 583 746 246 861 80 977 762 972 81 437 625 285 150 569 489 131 875 42 710 532 558 126 991 682 44 463 848 682 315 825 718 898 260 654 448 341 631 900 2 712 336 317 687 486 576 175 618 451 908 327 673 466 144 663 838 188 816 375 870 130 890 278
718 149 932 856 180 562 755 873 964 91 881 341 577 456 516 885 597 114 903 270 270 737 623 107 925 439 172 484 259 752 762 668 901 384 523 772 636 278 644 600 59 214 941 326 671 146 902 267 260 804 227 530 540 851 327 154 980 189 638 238 941 90 906 532 474 119 303 109 87 637 399 146 852
339 162 522 176 63 479 126 557 707 347 787 557 674 941 536 554 269 464 494 359 60 716 523 179 18 322 957 346 722 793 197 751 955 409 617 709 578 744 265 284 90 743 531 454 683 757 7 642 912 192 0 972 908 213 841 617 536 487 653 948 279 540 388 924 949 5 632 216 439 588 501 529 330
722 673 703 169 681 345 80 563 35 742 160 249 582 467 475 68 119 112 37 659 500 961 297 195 283 514 634 871 705 853 891 116 526 283 285 897 628 365 459 664 106 309 603 378 777 768 136 896 880 173 245 379 825 542 575 798 746 899 358 450 752 248 567 968 531 852 864 850 908 12 203 13 321
806 82 788 573 218 374 142 82 619 521 597 851 786 394 597 685 752 46 126 690 303 93 911 155 957 760 753 659 963 766 670 458 538 458 721 447 832 863 529 140 74 125 991 550 209 587 925 961 324 50 340 627 834 250 472 790 701 224 138 663 681 809 812 218 957 222 665 478 776 884 618 850 699
298 89 908 886 14 558 900 64 588 526 589 839 689 68 539 913 207 892 283 15 393 192 972 616 857 449 391 431 757 931 129 54 19 728 630 33 976 529 789 564 746 377 402 434 445 631 36 342 522 10 357 916 202 18 221 58 157 612 179 914 232 1000 659 251 727 288 976 702 508 454 265 944 831
357 67 966 988 794 308 200 804 355 806 5 64 26 755 221 328 934 826 560 933 174 811 659 152 476 51 660 930 6 293 450 54 360 106 732 154 414 932 958 459 427 654 523 453 408 435 471 341 260 30 965 124 532 313 276 7 364 627 628 61 920 77 115 971 183 537 815 287 469 462 747 586 115
960 730 523 394 200 865 344 231 519 468 763 832 435 460 196 61 778 948 671 856 62 641 729 599 455 707 758 918 453 34 32 102 764 246 497 964 110 531 885 629 1000 337 460 124 488 346 185 265 984 856 120 45 497 540 335 642 246 783 249 389 507 282 491 270 528 678 925 328 900 809 647 589 837
797 713 324 834 898 589 817 753 400 553 940 940 578 272 876 50 521 955 558 493 135 828 711 814 752 729 403 251 375 992 87 863 704 411 386 601 690 202 43 89 445 674 719 22 946 594 73 466 238 631 960 374 148 670 878 591 399 280 532 464 271 619 16 975 720 402 575 99 605 308 189 740 982
908 763 927 192 526 83 430 847 42 494 685 402 371 275 491 651 497 646 922 115 662 896 525 64 160 625 359 159 504 98 140 101 551 758 293 767 841 414 613 883 908 298 975 970 263 156 620 761 802 542 566 153 127 782 908 979 96 266 137 600 55 968 701 296 725 685 754 565 789 366 137 386 354
803 355 308 959 976 68 450 207 324 603 24 796 511 2 892 467 830 491 212 798 883 199 212 257 953 778 45 318 605 121 363 407 477 671 55 142 429 505 349 443 108 63 239 309 66 130 776 586 312 679 73 885 878 286 141 830 754 877 838 358 998 891 456 164 251 511 306 370 16 345 814 815 409
743 123 165 563 589 751 875 958 515 449 835 801 590 354 554 466 883 602 154 463 57 318 715 569 315 775 275 660 278 89 759 20 903 924 274 181 365 148 139 880 288 664 370 878 709 614 34 281 215 879 744 964 196 148 532 201 924 497 862 201 276 620 913 178 234 186 49 599 24 879 168 312 543
538 190 942 151 915 222 56 793 966 19 679 114 551 881 728 738 432 929 13 51 841 882 976 26 932 574 51 810 432 53 42 970 243 984 811 848 896 868 640 552 887 9 356 128 890 83 866 321 11 880 62 543 451 38 259 382 302 310 883 735 364 925 394 297 599 205 836 494 72 475 45 649 174
401 467 63 484 333 74 186 903 137 729 353 866 988 426 167 989 308 592 42 232 987 29 831 882 865 15 954 30 60 292 204 462 760 959 636 783 32 822 375 860 240 418 415 228 844 273 907 842 865 949 74 541 668 595 422 533 610 65 253 361 358 457 513 808 105 148 590 829 661 655 378 901 72
794 819 607 66 725 448 621 363 212 162 722 808 584 254 107 650 197 158 698 654 671 505 450 510 785 278 170 439 656 761 511 139 580 117 896 995 566 517 48 468 369 770 275 953 714 73 292 911 922 990 254 593 494 704 793 278 982 963 717 328 413 919 157 993 726 53 678 982 260 726 450 629 495
415 271 899 488 564 809 100 553 62 693 738 767 175 15 438 137 423 456 240 31 614 233 757 667 911 739 617 326 188 245 511 603 516 409 782 79 217 882 323 970 264 60 426 439 766 555 266 188 10 506 219 314 429 667 671 29 405 287 355 283 532 866 886 739 965 357 508 872 929 831 842 192 581
958 321 347 512 587 225 213 784 135 527 212 802 198 933 897 485 287 179 17 844 755 446 808 803 954 370 731 785 211 924 55 168 935 402 371 212 318 584 996 453 110 898 945 999 830 841 484 808 710 191 341 154 637 839 957 590 208 688 64 109 301 811 278 235 212 339 447 220 923 442 673 723 30
307 722 860 838 205 357 547 86 698 392 413 537 348 693 745 35 758 855 336 568 823 572 470 161 709 691 774 151 53 496 872 51 908 421 889 803 779 126 889 166 518 301 703 866 995 138 902 442 683 928 700 195 189 860 46 899 240 820 740 985 5 301 35 914 722 924 406 500 49 295 357 257 286
59 123 971 888 715 102 260 332 492 455 522 352 501 110 282 10 540 266 707 841 301 310 562 916 716 753 655 701 800 913 988 549 726 648 437 440 751 697 772 242 843 984 284 343 784 567 44 323 523 751 854 515 60 106 430 776 549 775 477 348 687 154 897 412 802 23 542 242 411 4 485 253 678
459 286 462 25 330 475 239 80 329 754 140 125 183 607 674 958 83 712 335 928 298 437 729 322 980 972 733 674 146 986 351 605 271 813 321 602 288 560 372 307 313 513 122 186 810 486 834 893 197 168 820 495 296 238 817 275 900 239 949 45 224 299 341 186 803 352 788 781 602 850 778 605 52
900 481 862 385 314 444 272 173 954 767 469 192 274 744 782 513 382 518 428 371 859 614 173 901 91 644 192 941 421 797 994 320 968 545 395 281 990 667 454 943 124 923 825 88 356 607 291 428 124 719 490 673 22 353 263 804 998 455 435 418 942 428 429 909 663 824 189 652 491 334 285 305 947
109 393 994 716 684 421 530 403 911 202 115 264 465 920 952 610 354 369 551 472 798 149 134 312 339 477 803 363 762 107 309 561 190 993 968 874 104 497 967 14 390 82 969 545 692 610 155 45 980 396 207 467 546 341 779 885 508 271 938 269 68 937 521 258 930 488 132 33 675 98 738 64 871
397 610 562 6 455 607 676 851 504 143 396 846 612 971 43 884 908 3 952 535 524 210 464 11 32 187 686 130 615 441 1 702 50 563 709 505 861 74 355 364 908 752 900 520 412 634 93 320 637 44 855 160 945 8 862 977 886 547 798 500 678 489 202 728 742 601 923 292 675 969 347 273 410
246 793 822 880 886 141 516 620 686 366 255 384 227 922 269 465 409 770 142 898 662 561 640 262 483 622 627 141 969 900 551 215 382 373 785 958 204 992 578 891 47 523 274 275 444 234 430 854 694 262 441 355 823 771 307 997 393 934 137 361 524 689 266 906 752 742 864 956 733 131 536 470 654
501 745 788 735 865 331 428 127 773 473 640 543 780 326 936 403 464 988 927 843 253 523 594 995 76 549 417 207 776 888 551 276 322 28 10 187 360 128 4 823 601 334 55 380 661 992 783 124 669 400 657 922 613 250 607 689 489 23 586 264 601 136 230 924 855 240 801 905 368 495 727 659 829
783 38 489 464 512 303 132 602 650 744 214 900 40 903 79 755 488 33 355 314 264 969 859 194 769 764 253 263 180 912 783 963 641 962 116 152 956 939 754 605 373 658 195 413 560 274 167 738 998 213 742 952 181 290 146 951 53 89 904 234 0 376 887 641 338 694 483 293 632 927 588 695 584
783 108 834 747 966 261 435 178 693 386 360 984 222 0 36 311 904 961 2 280 538 333 308 231 817 291 553 433 879 248 17 352 46 541 789 11 493 223 190 185 610 240 168 522 240 896 834 143 546 836 113 83 168 111 4 675 402 558 108 972 806 816 13 852 46 802 553 539 716 743 725 15 673
583 537 913 478 60 747 715 896 550 798 755 662 493 119 754 50 918 415 546 733 428 87 470 921 640 8 636 73 423 651 746 6 878 349 174 939 95 889 524 645 377 278 997 870 88 751 610 5 856 846 429 975 933 899 895 262 907 220 25 330 871 462 26 438 811 891 376 596 780 901 240 847 869
237 406 957 678 15 963 533 861 391 507 483 289 91 435 886 311 151 906 872 613 622 310 113 513 686 709 292 276 639 829 145 566 234 101 243 940 63 467 490 144 664 663 123 446 97 9 757 248 605 319 551 227 319 354 740 695 62 722 972 702 240 116 267 474 217 201 103 972 358 593 806 21 255
930 467 42 629 915 982 924 924 532 150 242 887 580 627 639 992 598 30 231 404 989 395 622 189 498 283 547 781 88 258 726 708 416 769 336 330 750 260 944 972 100 876 548 681 502 187 672 100 908 594 504 896 989 816 84 177 98 321 648 878 270 374 585 686 142 612 706 582 872 649 243 662 524
482 342 25 669 705 816 266 989 320 162 667 826 937 844 615 258 492 492 528 556 767 904 388 68 609 660 630 948 903 292 471 384 324 186 743 719 2 9 707 12 171 374 528 798 908 142 55 89 324 273 645 782 176 723 850 475 382 480 422 285 772 583 359 786 770 793 505 462 802 211 164 663 275
692 460 874 835 206 963 849 169 298 630 346 20 480 511 403 650 934 378 111 206 427 897 666 219 401 127 20 303 982 373 268 674 524 141 198 730 795 737 899 92 367 935 803 537 446 896 186 69 964 297 275 391 884 942 610 285 759 321 278 741 384 546 104 908 688 993 637 482 729 226 264 95 851
66 322 296 653 198 55 616 185 21 6 69 653 307 44 411 318 322 842 702 868 636 610 245 628 937 727 357 162 681 142 704 748 155 1000 400 353 746 15 539 767 713 608 419 19 652 520 337 664 362 729 221 688 338 467 316 966 884 363 818 565 505 521 2 660 211 92 704 957 798 242 723 510 850
832 219 191 41 246 545 403 976 766 782 3 232 97 969 807 460 787 371 655 307 63 5 518 155 399 164 953 641 577 153 180 98 372 61 140 309 606 233 975 371 14 978 294 111 637 100 261 423 161 607 420 224 302 629 379 701 483 21 31 60 174 211 158 237 272 298 546 568 532 210 939 546 187
923 348 824 22 299 937 874 596 47 97 898 366 166 288 849 879 319 909 52 220 758 980 182 55 215 750 277 425 379 514 613 301 552 126 324 851 754 197 447 801 986 34 857 842 13 705 720 22 304 463 243 61 442 115 807 658 866 775 82 244 288 385 235 840 202 249 380 956 447 517 446 122 552
302 964 255 697 374 277 0 837 210 752 278 326 559 936 191 333 709 125 311 93 360 150 295 610 220 941 747 738 386 559 980 378 212 234 75 586 511 75 422 722 828 701 47 76 326 929 409 34 744 410 819 103 560 113 403 780 745 149 207 130 398 186 509 611 420 274 196 932 349 309 343 867 9
80 633 25 699 41 751 442 141 569 545 701 372 639 171 116 478 378 938 877 255 136 487 675 410 373 296 449 682 639 6 381 409 639 407 107 371 157 549 512 416 785 904 478 423 74 595 591 142 222 467 397 358 644 763 458 17 58 907 389 388 913 771 797 242 177 595 613 24 143 124 130 618 27
608 731 792 893 322 625 114 479 712 162 123 474 620 831 223 527 219 611 129 680 97 371 547 692 674 261 526 489 391 143 206 690 565 999 582 887 313 387 55 715 549 869 189 860 699 102 76 609 713 896 288 810 267 526 502 631 787 27 119 178 861 326 558 425 14 139 1 17 216 57 732 456 926
611 315 315 713 391 614 425 286 592 926 243 117 117 565 905 144 684 773 695 700 330 120 714 159 121 421 66 869 153 522 795 454 527 800 167 608 413 282 584 4 207 828 813 14 82 717 849 766 179 544 156 509 354 560 358 165 982 424 34 825 946 519 278 162 318 135 770 421 418 354 115 315 872
928 330 954 334 178 409 513 412 565 712 766 125 761 932 106 184 656 621 821 174 899 983 182 725 753 603 142 106 408 147 978 336 477 621 670 346 29 183 758 595 585 524 410 345 145 206 220 801 827 40 665 415 713 847 139 465 139 972 261 547 119 929 573 286 549 243 632 269 116 80 864 391 294
273 737 439 479 957 930 996 687 594 410 399 130 550 555 960 521 506 506 330 435 770 617 674 12 939 633 819 18 496 209 2 459 946 441 628 592 60 623 278 344 33 368 474 273 923 123 484 428 320 815 553 89 431 918 101 369 550 610 78 737 819 80 195 455 212 824 737 272 136 15 617 860 73
781 132 996 905 617 113 224 121 667 3 552 584 104 611 824 404 689 560 222 770 756 367 982 269 104 944 95 810 560 956 883 31 778 878 626 84 991 540 205 347 543 757 931 337 58 755 741 747 4 653 516 760 20 187 719 124 131 815 934 381 460 506 102 237 383 728 322 63 267 527 411 500 975
31 837 32 476 577 469 481 230 986 931 941 863 650 755 994 154 378 65 614 884 167 851 957 896 863 19 853 80 120 353 54 843 189 777 318 457 245 489 377 921 420 317 784 760 71 467 604 449 532 908 22 700 758 979 285 311 688 137 391 809 490 135 651 370 602 659 827 847 839 894 458 258 901
932 708 972 398 1 110 621 909 823 10 356 801 295 667 488 122 748 987 303 883 637 673 484 987 189 21 825 773 169 773 673 100 170 644 188 171 444 499 79 266 509 435 757 494 102 244 307 850 231 610 423 558 973 597 234 852 308 58 624 477 521 296 577 691 630 456 862 764 955 941 720 154 376
476 338 168 410 645 708 331 254 821 580 917 418 814 768 726 563 391 203 83 377 470 775 6 616 636 770 261 577 489 415 643 655 753 501 65 398 208 396 342 29 976 259 137 480 717 863 42 799 756 125 175 917 900 182 532 536 642 793 803 822 207 135 476 651 636 541 739 534 628 80 563 293 29
700 773 437 253 815 235 8 631 410 925 530 282 147 756 925 940 248 436 838 383 912 488 18 143 226 553 461 997 806 754 717 196 217 153 449 31 388 147 662 488 72 883 771 219 638 385 849 887 821 686 960 422 173 979 255 89 221 716 777 26 160 183 913 377 26 361 98 414 509 451 592 271 333
52 180 661 437 28 237 948 715 197 60 578 866 5 358 86 722 825 803 572 7 716 949 33 767 737 137 966 187 729 236 520 472 106 181 909 135 418 547 540 305 297 808 170 302 856 256 714 680 750 976 687 155 924 720 922 661 547 888 848 967 814 58 438 611 930 36 436 37 583 666 343 570 473
513 563 329 460 967 699 209 943 386 54 866 796 976 216 33 553 755 1000 57 813 437 358 432 473 794 469 747 459 812 6 622 15 569 641 475 536 340 374 478 416 428 33 902 93 250 935 337 695 934 394 197 60 442 629 534 235 97 971 694 600 977 5 615 546 647 780 772 987 153 249 92 271 282
994 364 222 619 701 607 242 785 804 303 226 122 527 151 220 497 845 510 163 851 124 399 187 904 170 864 747 109 956 17 82 949 381 304 257 773 602 500 247 405 803 164 528 329 315 438 516 160 948 679 701 762 78 888 355 248 751 101 358 396 809 440 34 880 434 292 652 35 792 900 131 284 754
349 613 68 477 819 919 114 497 619 876 265 196 921 204 637 21 252 723 830 382 758 399 506 49 51 232 531 641 363 815 394 402 117 462 879 626 71 993 813 690 558 78 577 478 282 904 499 224 627 18 606 74 417 111 814 158 343 344 489 396 849 573 798 656 35 366 281 106 358 93 486 916 171
753 393 143 347 582 57 664 290 663 738 398 465 551 246 498 585 736 895 433 308 382 779 33 749 59 830 797 843 6 403 705 759 796 848 796 68 596 459 48 258 196 446 413 437 383 912 21 118 496 144 116 878 923 150 316 672 670 804 515 676 206 219 125 692 757 921 760 352 380 809 611 266 945
714 704 327 625 725 135 120 560 252 689 482 92 4 154 762 808 669 128 13 888 253 706 644 864 155 997 243 654 297 200 289 10 904 306 326 318 442 446 878 384 134 50 166 830 204 928 637 563 55 341 140 999 737 474 863 582 470 796 236 457 996 215 158 589 521 484 908 653 930 475 36 755 525
202 584 419 821 911 672 566 942 812 565 678 286 427 951 446 222 186 904 909 401 752 497 612 235 94 265 855 570 301 609 785 194 883 204 14 484 876 580 425 378 835 794 664 261 744 109 174 620 703 82 20 144 269 632 379 364 587 925 934 889 223 718 773 106 612 787 590 178 56 14 556 892 498
219 843 241 18 707 861 412 789 571 556 749 894 626 112 480 240 736 58 463 453 831 569 756 307 849 934 54 554 489 636 51 398 478 984 106 185 844 208 664 105 455 102 999 80 214 168 320 950 227 473 93 748 42 849 55 581 782 800 134 961 435 877 358 603 860 154 788 393 363 142 498 818 244
186 588 149 355 598 98 272 70 191 19 803 730 765 74 201 564 899 161 999 465 209 292 324 364 770 408 417 912 596 925 847 783 202 996 828 800 784 99 560 666 809 53 395 574 818 287 828 716 448 517 181 658 809 195 712 578 293 819 180 890 743 26 362 945 712 189 434 185 979 684 851 787 427
937 50 244 223 879 651 361 85 522 18 894 407 420 471 701 238 341 280 981 367 332 615 769 521 48 955 189 423 495 666 850 431 717 785 344 285 435 706 370 647 414 263 53 835 424 444 763 766 414 434 823 746 48 592 957 788 236 836 210 731 502 750 853 218 534 196 503 659 592 563 305 6 826
49 531 940 183 293 705 598 727 528 33 466 810 681 253 45 516 153 466 17 903 8 926 437 205 118 95 487 681 91 493 196 140 23 136 13 7 531 611 424 749 335 890 558 706 833 293 221 676 450 930 579 458 545 706 353 664 491 841 34 272 333 231 412 47 57 116 54 588 417 168 337 752 58
585 457 581 569 369 257 18 298 526 476 533 922 830 196 102 670 922 375 693 843 477 740 900 593 484 177 10 653 204 452 401 790 910 672 48 969 619 66 957 835 232 489 756 61 376 859 421 297 924 805 139 400 234 729 994 719 596 694 61 801 145 152 280 54 824 328 713 443 84 669 968 316 158
724 68 534 272 179 521 195 984 350 285 218 769 278 627 364 972 688 855 808 840 825 862 353 843 265 486 927 934 454 243 91 868 1 315 830 180 836 24 164 185 1000 72 954 278 699 8 940 76 863 747 606 688 299 959 530 564 445 147 187 589 80 279 456 81 284 976 952 120 1000 806 996 689 878
950 657 266 958 597 342 510 33 948 888 22 597 108 276 41 255 464 320 335 433 466 106 717 441 57 837 130 864 523 819 431 472 476 698 119 763 730 319 796 368 207 509 965 315 475 5 570 629 15 595 61 481 391 469 922 448 996 51 1 518 870 123 680 35 511 799 798 240 118 284 608 15 793
572 330 958 267 590 587 282 875 648 453 265 116 374 713 112 115 405 630 676 218 310 711 729 799 509 659 607 483 958 312 275 529 642 923 487 922 509 459 796 848 603 60 964 977 464 766 783 559 86 148 777 86 859 505 575 57 854 182 540 811 184 505 30 827 428 517 438 627 666 234 474 268 985
438 936 448 894 408 697 980 556 473 756 104 668 331 853 522 203 392 332 387 588 362 904 706 569 342 332 926 266 807 884 941 935 819 79 518 917 776 188 472 249 944 577 607 274 429 128 167 511 151 555 789 203 148 494 463 180 517 388 446 13 271 387 948 781 466 465 697 241 343 860 180 287 126
788 251 245 606 419 756 757 664 235 651 502 419 113 683 936 191 819 949 152 205 586 933 361 742 320 293 84 870 163 371 996 641 313 240 247 422 686 694 776 921 34 277 30 147 960 966 28 779 605 181 674 190 804 726 622 123 18 707 683 872 768 678 513 771 608 450 192 294 143 968 905 178 936
935 15 895 591 44 363 886 225 728 75 28 453 388 843 161 785 525 32 242 894 545 13 501 995 205 485 829 864 80 697 799 705 402 383 986 446 437 871 361 164 637 80 307 24 613 158 809 828 190 50 721 426 63 913 110 960 87 939 513 167 325 311 563 728 384 548 864 821 419 225 675 55 996
672 770 608 830 268 435 711 8 847 136 72 449 246 722 536 876 234 394 200 235 957 618 619 194 482 130 303 707 805 358 392 477 818 1000 997 85 124 707 94 661 533 857 109 780 268 336 345 502 420 235 427 66 854 736 260 335 866 564 732 671 612 123 838 120 813 524 205 937 231 990 288 764 846
397 233 804 423 268 996 533 504 422 599 357 158 550 382 23 804 113 384 105 927 912 225 739 436 121 365 357 110 653 811 647 741 735 450 163 2 446 697 506 558 986 553 716 225 935 430 28 738 814 134 354 416 49 92 542 170 148 589 281 801 89 618 541 824 67 395 517 203 782 713 762 767 266
477 993 891 597 711 629 101 845 673 517 895 766 749 755 914 337 35 404 426 653 946 941 411 340 457 614 812 169 65 268 125 233 951 16 830 662 335 931 196 7 137 781 463 576 536 66 603 261 471 29 605 416 660 15 446 807 319 948 666 385 215 792 308 166 498 137 518 523 759 714 530 586 495
684 162 721 750 765 982 911 484 586 326 143 291 462 640 301 99 306 686 315 97 994 171 285 821 689 808 579 402 27 856 587 711 17 307 151 782 289 61 957 565 78 790 857 230 430 157 330 736 533 645 523 216 816 808 36 194 305 306 596 332 161 183 734 869 490 575 340 469 636 296 34 404 86
581 635 206 738 655 942 961 990 154 176 495 652 903 689 957 208 284 979 59 157 712 618 648 286 959 807 613 945 841 707 721 111 341 927 849 686 558 809 675 712 675 169 53 578 858 9 476 142 989 226 990 390 844 637 367 802 134 670 747 665 376 467 777 408 84 625 93 642 124 769 44 799 938
97 66 486 798 543 318 476 769 307 866 302 635 923 104 769 282 541 433 659 698 209 757 782 525 850 114 339 308 849 828 937 946 895 422 743 127 430 218 586 737 775 888 371 387 682 830 670 222 263 18 611 162 775 82 377 314 887 716 313 735 234 249 681 819 361 113 946 791 22 221 217 797 799
589 874 481 418 543 393 371 251 3 534 25 777 601 30 663 7 343 398 241 282 769 750 643 882 695 123 904 606 340 390 404 619 264 885 37 497 969 98 749 662 322 464 438 924 494 101 931 527 499 862 809 958 611 141 839 996 264 743 601 605 823 695 223 86 270 951 584 238 49 22 900 371 486
338 985 671 129 915 197 318 466 6 275 76 147 113 762 102 546 52 397 369 748 620 145 17 261 419 946 310 441 845 371 618 873 356 288 1 961 485 9 427 181 284 193 19 88 646 121 634 698 518 693 445 828 839 152 779 948 788 779 389 323 150 6 195 196 294 888 156 469 897 273 341 181 157
360 960 803 171 593 500 379 977 636 897 505 478 676 452 266 454 841 589 604 537 474 490 521 361 647 991 949 610 331 820 767 381 779 569 552 61 69 621 37 395 517 542 873 192 995 138 337 525 417 631 62 892 121 273 943 768 263 891 377 284 400 144 665 178 403 907 240 472 527 968 867 44 510
430 927 194 258 263 409 676 895 161 257 15 435 890 473 388 781 540 673 180 374 27 49 778 935 980 940 151 947 807 886 146 927 503 30 184 766 440 860 350 291 807 55 416 697 218 805 477 759 477 347 132 194 86 600 819 65 540 971 12 36 856 158 963 358 189 146 815 319 6 855 300 813 911
